# callgrind format
version: 1
creator: callgrind-3.13.0
pid: 89880
cmd:  ./um midmark.um
part: 1


desc: I1 cache: 
desc: D1 cache: 
desc: LL cache: 

desc: Timerange: Basic block 0 - 1402128943
desc: Trigger: Program termination

positions: line
events: Ir
summary: 7579139727


ob=(3) /lib/x86_64-linux-gnu/libc-2.27.so
fl=(80) /build/glibc-OTsEL5/glibc-2.27/csu/../csu/init-first.c
fn=(302) _init
52 8
+3 3
+14 1
fi=(81) /build/glibc-OTsEL5/glibc-2.27/csu/../sysdeps/generic/dl-hash.h
-25 1
fe=(80)
+23 1
+1 1
fi=(81)
-23 1
fe=(80)
+24 1
fi=(82) /build/glibc-OTsEL5/glibc-2.27/csu/../sysdeps/unix/sysv/linux/x86_64/init-first.c
-33 4
fi=(81)
+7 1
+5 3
+14 4
-17 3
+3 9
+14 12
-17 9
+22 1
fi=(82)
-31 2
+2 2
-2 1
+2 2
cfi=(63) /build/glibc-OTsEL5/glibc-2.27/elf/../sysdeps/unix/sysv/linux/dl-vdso.c
cfn=(210) _dl_vdso_vsym
calls=1 -13 
* 17
+2 1
+4 1
-4 1
+4 1
-4 1
+1 2
+1 1
+2 1
cfi=(63)
cfn=(210)
calls=1 -19 
* 17
fe=(80)
+37 3
fi=(82)
-36 2
+1 1
fe=(80)
+35 1
cfi=(83) /build/glibc-OTsEL5/glibc-2.27/misc/init-misc.c
cfn=(308) __init_misc
calls=1 -50 
* 52
+3 1
cfi=(85) /build/glibc-OTsEL5/glibc-2.27/ctype/ctype-info.c
cfn=(314) __ctype_init
calls=1 -53 
* 16
+5 6
-27 1
-7 1
+7 4

fl=(68) /build/glibc-OTsEL5/glibc-2.27/string/../sysdeps/x86_64/multiarch/strcmp.c
fn=(224) strcmp
38 4
+3 4
+6 1

fl=(89) /build/glibc-OTsEL5/glibc-2.27/csu/../csu/libc-start.c
fn=(328) (below main)
137 8
+4 1
-4 2
+4 2
+98 1
-98 1
+98 1
+1 4
cfi=(90) /build/glibc-OTsEL5/glibc-2.27/stdlib/cxa_atexit.c
cfn=(330) __cxa_atexit
calls=1 65 
* 65
+22 4
+3 2
+1 5
cob=(5) /home/johnodonnell77/csc_411/um/um
cfi=(88) ???
cfn=(334) __libc_csu_init
calls=1 0 
* 56
+4 4
+15 2
+12 2
cfi=(91) /build/glibc-OTsEL5/glibc-2.27/setjmp/../sysdeps/x86_64/bsd-_setjmp.S
cfn=(346) _setjmp
calls=1 30 
* 29
+1 2
+5 2
+1 2
+3 2
+3 6
cob=(5)
cfi=(94) /home/johnodonnell77/csc_411/um/um.c
cfn=(352) main
calls=1 10 
* 7579030697
+34 2
cfi=(135) /build/glibc-OTsEL5/glibc-2.27/stdlib/exit.c
cfn=(610) exit
calls=1 139 
* 1111

fl=(101) /build/glibc-OTsEL5/glibc-2.27/elf/dl-addr.c
fn=(376) _dl_addr
126 9
+2 1
-2 1
+5 1
-5 1
+5 2
cob=(1) /lib/x86_64-linux-gnu/ld-2.27.so
cfi=(2) /build/glibc-OTsEL5/glibc-2.27/elf/rtld.c
cfn=(52) rtld_lock_default_lock_recursive
calls=1 784 
* 2
+2 2
cob=(1)
cfi=(95) /build/glibc-OTsEL5/glibc-2.27/elf/../sysdeps/x86_64/dl-trampoline.h
cfn=(361) _dl_runtime_resolve_xsave'2
calls=1 -62 
* 1117
* 5
+2 3
30 1
+1 1
-1 1
+1 1
+3 2
+5 1
+6 1
-7 1
+2 3
+2 3
+3 1
+5 7
-6 2
+6 4043
+2 1010
+1 2020
-1 1
+1 2
+2 3664
+9 2052
+7 28
-2 28
+2 2353
-2 2297
+2 6003
-10 11625
+2 9300
+1 14806
+36 2
+1 1
+1 3
+3 2
+36 2
cob=(1)
cfi=(2)
cfn=(54) rtld_lock_default_unlock_recursive
calls=1 790 
* 2
+3 9
-27 1
+1 1
+20 2

fl=(126) /build/glibc-OTsEL5/glibc-2.27/string/../sysdeps/x86_64/multiarch/strchr-avx2.S
fn=(554) __strchrnul_avx2
45 362
+2 362
+1 362
+1 362
+2 362
+1 362
+1 362
+4 362
+1 362
+1 362
+1 362
+1 362
+1 362
+1 362
184 362
+2 362
+7 362
+1 362

fl=(100) /build/glibc-OTsEL5/glibc-2.27/malloc/arena.c
fn=(374) ptmalloc_init.part.0
289 2
+5 1
-5 3
+13 2
+6 1
fi=(98) /build/glibc-OTsEL5/glibc-2.27/malloc/malloc.c
1816 2
fe=(100)
308 12
fi=(98)
1816 13
+1 1
-1 3
+1 11
-1 390
+1 30
-1 90
+1 331
fe=(100)
313 1
fi=(98)
1825 1
fe=(100)
313 4
fi=(98)
1817 7
+11 1
-11 4
+9 1
fe=(100)
313 1
fi=(98)
1828 1
fe=(100)
313 1
cob=(1)
cfi=(95)
cfn=(361)
calls=1 71 
* 1027
* 5
+1 4
cob=(1)
cfi=(9) /build/glibc-OTsEL5/glibc-2.27/elf/dl-tunables.c
cfn=(26) __tunable_get_val
calls=1 +59 
* 18
* 1
+1 4
cob=(1)
cfi=(9)
cfn=(26)
calls=1 +58 
* 19
* 1
+1 4
cob=(1)
cfi=(9)
cfn=(26)
calls=1 +57 
* 18
* 1
+1 4
cob=(1)
cfi=(9)
cfn=(26)
calls=1 +56 
* 18
* 1
+1 4
cob=(1)
cfi=(9)
cfn=(26)
calls=1 +55 
* 19
* 1
+1 4
cob=(1)
cfi=(9)
cfn=(26)
calls=1 +54 
* 18
* 1
+1 4
cob=(1)
cfi=(9)
cfn=(26)
calls=1 +53 
* 18
* 1
+2 4
cob=(1)
cfi=(9)
cfn=(26)
calls=1 +51 
* 18
* 1
+1 4
cob=(1)
cfi=(9)
cfn=(26)
calls=1 +50 
* 18
* 1
+1 4
cob=(1)
cfi=(9)
cfn=(26)
calls=1 +49 
* 18
* 1
+71 2
+1 2
+4 2
-1 1
+1 4
-97 5
cfi=(101)
cfn=(376)
calls=1 126 
* 60426
* 2
+1 4

fl=(106) /build/glibc-OTsEL5/glibc-2.27/libio/genops.c
fn=(474) _IO_switch_to_get_mode
164 136
+1 102
+3 102
+5 34
-1 68
+1 34
+7 34
-4 34
+2 68
+2 34
+1 34
+1 136

fn=(558) __overflow
217 362
+2 543
+2 181
fi=(129) /build/glibc-OTsEL5/glibc-2.27/libio/libioP.h
870 543
+2 362
+1 362
fe=(106)
221 181
+1 362
-1 181
cfi=(107) /build/glibc-OTsEL5/glibc-2.27/libio/fileops.c
cfn=(560) _IO_file_overflow@@GLIBC_2.2.5
calls=181 747 
* 6954

fn=(464) _IO_doallocbuf
362 4
-1 6
+3 8
+4 8
-3 2
fi=(129)
870 6
+2 4
+1 4
fe=(106)
365 4
cfi=(117) /build/glibc-OTsEL5/glibc-2.27/libio/filedoalloc.c
cfn=(466) _IO_file_doallocate
calls=2 78 
* 422
* 4

fn=(592) _IO_un_link
53 12
+1 4
+4 4
+1 10
+2 1
-2 1
+1 1
+1 1
-2 1
+2 1
-2 1
+2 15
+2 1
-2 1
+2 2
+2 2
+9 1
+2 1
-2 1
+2 8
+2 1
-1 1
+1 8
+1 2
+3 14
-6 7
-18 4
+8 3

fn=(408) _IO_old_init
561 1
-2 1
+1 1
-1 1
+2 2
+16 1
-14 1
+1 1
+13 1
+5 1
-17 1
+1 1
+1 1
+1 1
+14 1
-13 1
+1 1
+1 1
+2 1
+1 1
+1 1
+1 1
+6 1
+1 2
+2 1

fn=(412) _IO_link_in
87 12
+1 6
+4 1
-2 3
+2 2
+1 11
+2 1
-1 1
-1 1
+2 1
-2 1
+2 13
+2 1
-2 1
+5 1
-2 1
-1 1
+3 14
+2 1
-1 1
+1 8
+1 2
+3 14
-14 4

fn=(458) __uflow
318 103
-1 4
+6 3
-6 132
+6 167
+3 68
+2 68
+6 68
+7 34
fi=(129)
870 102
+2 68
+1 68
fe=(106)
341 34
+1 34
-1 34
+1 68
-1 34
cfn=(460) _IO_default_uflow
calls=34 +38 
* 4155
-23 66
+21 102

fn=(472) _IO_setb
347 9
+1 14
+3 3
+2 12
-3 3
+3 6
+3 12
-7 1
cob=(2) ???
cfi=(18) ???
cfn=(602) 0x0000000004c4d2c8
calls=1 0 
* 2210645
* 5

fn=(608) _IO_default_finish
628 4
+2 1
-2 3
+2 2
+6 3
+3 3
54 2
651 7

fn=(654) _IO_flush_all_lockp
749 11
+5 4
+1 11
+3 1
-8 1
+5 1
+3 1
-3 1
+3 1
fi=(129)
870 2
fe=(106)
762 1
fi=(129)
870 2
fe=(106)
-98 6
-14 3
+16 3
-16 6
+3 3
-1 3
+1 3
+3 22
+14 9
+1 3
+4 12
-29 4

fn=(406) _IO_no_init
590 9
+1 1
cfn=(408)
calls=1 -30 
* 27
+2 1
-1 1
+1 1
+2 1
+1 1
+1 1
+1 1
+1 1
+1 1
+1 1
+1 1
+1 1
+1 1
+1 1
+1 1
+2 1
+6 1
+1 6

fn=(652) _IO_cleanup
918 2
+3 1
-3 8
+3 1
cfn=(654)
calls=1 749 
* 114
-72 1
+72 1
-72 2
+1 11
+3 1
-3 1
+3 1
-3 1
+3 1
fi=(129)
+17 2
fe=(106)
-7 1
fi=(129)
+7 2
fe=(106)
+23 3
-40 9
+2 9
+2 6
+6 12
+8 2
+9 1
fi=(129)
-8 2
+1 2
fe=(106)
+7 4
cfi=(107)
cfn=(660) _IO_file_setbuf@@GLIBC_2.2.5
calls=1 389 
* 83
+2 3
+4 5
+1 9
+10 9
+1 2
+35 12
-62 3
+2 2
+2 1
+1 1
-1 1
+2 3
-28 4
+14 4

fn=(662) _IO_default_setbuf
479 2
fi=(129)
870 1
fe=(106)
479 3
fi=(129)
870 1
fe=(106)
479 3
+1 1
fi=(129)
870 1
+2 2
+1 2
fe=(106)
480 2
cfi=(107)
cfn=(664) _IO_file_sync@@GLIBC_2.2.5
calls=1 807 
* 17
* 3
+2 2
+7 1
-7 1
+10 2
+2 1
-2 1
+1 3
+2 6
-11 1
348 1
485 1
-1 1
+1 1
348 3
+7 1
-5 1
+1 1
+4 2

fn=(460)
379 68
fi=(129)
870 68
fe=(106)
379 68
+1 34
fi=(129)
870 34
+2 68
+1 68
fe=(106)
380 68
cfi=(107)
cfn=(462) _IO_file_underflow@@GLIBC_2.2.5
calls=34 +98 
* 3355
+1 68
+2 120
+1 136

fn=(596) _IO_unsave_markers
1019 2
+19 3
189 1

fl=(93) /build/glibc-OTsEL5/glibc-2.27/setjmp/sigjmp.c
fn=(350) __sigjmp_save
29 1
-1 2
+1 2
+5 3

fl=(139) /build/glibc-OTsEL5/glibc-2.27/nptl/unregister-atfork.c
fn=(640) __unregister_atfork
28 4
+8 1
-8 3
+11 2
+82 6

fl=(121) /build/glibc-OTsEL5/glibc-2.27/string/../sysdeps/x86_64/multiarch/memmove-vec-unaligned-erms.S
fn=(504) __memcpy_avx_unaligned_erms
217 24
+2 24
+1 24
+1 24
+1 24
+12 11
+1 11
+1 11
+1 11
+2 9
+1 9
+1 9
+5 9
+2 11
+1 445883
+2 11
+70 24
+1 24
+5 13
+1 13
+1 3
+1 3
+2 3
+1 3
+1 3
+1 3
+1 3
+1 3
+1 3
+1 3
+1 3
+1 3
+1 3
+1 3
+1 3
+1 3
+1 3
+1 3
+1 3
+1 3
+15 10
+1 10
+58 10
+1 10
+1 10
+1 10
+1 10
+2 10
+3 10
+1 10
+1 10
+1 10
+2 10
+2 10
+2 10
+3 10
+1 10
+4 124
+1 124
+1 124
+1 124
+1 124
+1 124
+1 124
+1 124
+1 124
+1 124
+1 124
+1 124
+1 124
+2 10
+1 10
+1 10
+1 10
+2 10
+1 10
+1 10

fl=(104) /build/glibc-OTsEL5/glibc-2.27/misc/sbrk.c
fn=(402) sbrk
32 20
+8 20
-8 60
+8 117
+1 2
cfi=(105) /build/glibc-OTsEL5/glibc-2.27/misc/../sysdeps/unix/sysv/linux/x86_64/brk.c
cfn=(404) brk
calls=1 -10 
* 12
* 3
+3 40
+4 84
+12 25
-4 30
cfi=(105)
cfn=(404)
calls=15 -25 
* 180
* 30
+4 75
-10 4
-2 6

fl=(90)
fn=(330)
65 7
-26 2
+26 1
-26 5
+1 2
cfn=(332) __new_exitfn
calls=1 +44 
* 29
+2 2
+7 2
+3 1
-1 1
+2 1
+1 1
+1 4
+1 1
+11 6

fn=(332)
84 2
-6 2
+1 2
-1 1
+11 5
+2 3
-2 1
+10 2
-10 2
+45 1
+1 1
+4 4
-19 1
+1 2

fl=(99) /build/glibc-OTsEL5/glibc-2.27/malloc/hooks.c
fn=(372) malloc_hook_ini
29 5
fi=(100)
291 1
fe=(99)
30 1
fi=(100)
291 1
fe=(99)
30 1
fi=(100)
291 1
fi=(98)
3039 7
+3 1
-2 2
+2 3
+13 4
+2 3
cfn=(396) _int_malloc
calls=1 3521 
* 161
+1 1
-1 1
+1 6
-19 4
-56 5
cfn=(394) tcache_init.part.4
calls=1 +3 
* 496
+62 3
+2 5
+1 3
fe=(99)
33 6
cfi=(100)
cfn=(374)
calls=1 289 
* 62626
* 1
fi=(98)
3034 2
fe=(99)

fn=(496) realloc_hook_ini
37 9
+1 1
fi=(100)
291 1
fe=(99)
39 1
-1 2
fi=(100)
291 1
fe=(99)
39 1
fi=(100)
291 1
fi=(98)
3138 2
+4 6
+7 2
+6 1
+3 1
-5 1
+2 2
+2 2
+14 4
+1 2
+4 8
+2 2
+41 4
+2 6
cfn=(500) _int_realloc
calls=1 4502 
* 766
+1 1
-1 1
+1 10
-46 5
-15 3
+1 3
fe=(99)
42 9

fl=(105)
fn=(404)
31 128
+8 16
-6 32
+7 16

fl=(118) /build/glibc-OTsEL5/glibc-2.27/io/../sysdeps/unix/sysv/linux/wordsize-64/fxstat.c
fn=(470) _fxstat
34 2
-1 2
+1 2
+1 12
+4 2

fl=(131) /build/glibc-OTsEL5/glibc-2.27/misc/../sysdeps/unix/sysv/linux/mmap64.c
fn=(574) mmap
44 4
+3 2
-6 24
+6 2
+5 20
+2 14
-7 4

fl=(125) /build/glibc-OTsEL5/glibc-2.27/stdio-common/vfprintf.c
fn=(550) vfprintf
1244 2534
+31 543
+8 544
+4 905
+11 724
+11 181
fi=(141) /build/glibc-OTsEL5/glibc-2.27/stdio-common/printf-parse.h
108 362
fe=(125)
1309 543
fi=(141)
108 181
cfi=(126)
cfn=(554)
calls=181 -63 
* 3258
* 181
fe=(125)
1324 181
fi=(141)
108 181
fe=(125)
1324 1086
+1 905
+3 181
fi=(142) /build/glibc-OTsEL5/glibc-2.27/stdio-common/../libio/libioP.h
870 543
+2 181
-2 181
+2 181
-2 181
+3 362
fe=(125)
1328 1086
cfi=(107)
cfn=(556) _IO_file_xsputn@@GLIBC_2.2.5
calls=181 1220 
* 3439
* 362
1696 905
+1 543
+3 2172
1283 360
+45 362
+4 543
+4 1448
-57 181
+34 181
-8 181
-59 362
1378 2715
-3 181
-5 181
-4 181
-1 181
-1 181
-1 181
-1 181
-1 181
-1 181
+15 181
-16 181
-1 181
-1 181
+14 181
-4 181
+8 181
-1 362
1660 181
+2 362
+8 181
fi=(141)
108 724
cfi=(126)
cfn=(554)
calls=181 -63 
* 3258
* 181
fe=(125)
1674 181
fi=(141)
108 181
fe=(125)
1674 543
fi=(142)
872 543
+1 362
fe=(125)
1674 1267
cfi=(107)
cfn=(556)
calls=181 1220 
* 3439
* 1267
+2 181
-2 181
+2 543
-33 4887
1324 724
1643 905
cfi=(106)
cfn=(558)
calls=181 217 
* 10031
* 724

fl=(91)
fn=(346)
30 1
+2 1
cfi=(92) /build/glibc-OTsEL5/glibc-2.27/setjmp/../sysdeps/x86_64/setjmp.S
cfn=(348) __sigsetjmp
calls=1 -6 
* 27

fl=(92)
fn=(348)
26 1
+9 1
+1 2
+1 1
+4 1
+1 1
+1 1
+1 1
+1 1
+2 2
+2 1
+1 1
+1 1
+2 2
+2 1
+8 1
cfi=(93)
cfn=(350)
calls=1 -34 
* 8

fl=(84) /build/glibc-OTsEL5/glibc-2.27/string/../sysdeps/x86_64/multiarch/strrchr-avx2.S
fn=(312) __strrchr_avx2
43 1
+1 1
+2 1
+1 1
+3 1
+1 1
+1 1
+2 1
+1 1
+1 1
+1 1
+1 1
+1 1
+2 1
+1 1
+12 1
+1 1
216 1
+1 1
+1 1
+1 1
+1 1
+2 1
+1 1
+1 1
+1 1
+1 1

fl=(58) /build/glibc-OTsEL5/glibc-2.27/string/../sysdeps/x86_64/multiarch/ifunc-strcasecmp.h
fn=(234) strncasecmp
32 5
fi=(71) /build/glibc-OTsEL5/glibc-2.27/string/../sysdeps/x86_64/multiarch/strncase.c
-1 1
fe=(58)

fn=(198) strcasecmp
32 5
fi=(59) /build/glibc-OTsEL5/glibc-2.27/string/../sysdeps/x86_64/multiarch/strcasecmp.c
-1 1
fe=(58)

fn=(254) strcasecmp_l
32 5
fi=(75) /build/glibc-OTsEL5/glibc-2.27/string/../sysdeps/x86_64/multiarch/strcasecmp_l.c
-1 1
fe=(58)

fn=(270) strncasecmp_l
32 5
fi=(76) /build/glibc-OTsEL5/glibc-2.27/string/../sysdeps/x86_64/multiarch/strncase_l.c
-1 1
fe=(58)

fl=(98)
fn=(438) calloc
3379 1414837
-13 1414837
+15 1414837
-15 1414837
+13 1414837
-13 2829674
+10 1414837
-10 1414837
+10 1414837
+5 2829674
+8 2829674
+1 2829674
+12 4244511
+2 5659348
+10 1414837
+1 4244511
+21 4244511
cfn=(396)
calls=1414837 +85 
* 123534505
+2 1414837
-2 1414837
+2 5659348
+75 9903859
-75 7074185
+3 5659348
+28 1414837
+3 2829674
-14 1414837
+14 2868112
+11 19219
+1 38438
+1 38438
-2 1395618
+1 2791236
+1 2791236
+2 2829674
+8 1241094
-3 1241094
+1 1241094
+1 1241094
+1 1241094
+4 60756
-2 60756
+1 60756
+1 60756
+4 44820
-2 44820
+1 44820
+1 44820
+2 42510
+1 85020
-18 521229
cfi=(115) /build/glibc-OTsEL5/glibc-2.27/string/../sysdeps/x86_64/multiarch/memset-vec-unaligned-erms.S
cfn=(448) __memset_avx2_unaligned_erms
calls=173743 158 
* 2957928
* 173743
* 347486

fn=(500)
4502 156
+19 104
+1 104
+6 78
+2 26
+1 78
+2 104
+3 52
+99 6
+2 4
+8 2
-1 2
+1 8
+5 2
-5 4
+1 2
+4 2
-4 6
+3 2
+1 2
cfn=(506) _int_free
calls=2 4139 
* 510
+4 2
+1 208
4546 50
+13 14
-1 28
-10 11
-1 11
-1 22
+24 75
cfn=(396)
calls=15 3521 
* 3047
+1 15
-1 15
+1 15
+3 15
+6 60
+13 14
+3 28
+1 28
+2 28
+25 56
cfn=(506)
calls=14 4139 
* 1266
+2 14
-76 20
+4 10
-4 40
+2 10
-2 10
+2 10
-2 10
+1 20
+1 10
+2 10
+40 14
+6 28
cfi=(121)
cfn=(504)
calls=14 217 
* 193852
* 14
* 14
-25 2
+7 1
+51 2
-69 3

fn=(370) malloc
3028 4244523
+5 2829682
+1 2829682
+5 9903880
+3 1414840
-2 4244520
+2 4244520
+3 2829680
+10 83656
+2 62742
cfn=(396)
calls=20914 3521 
* 3511618
+1 20914
-1 20914
+1 125484
-19 5659360
+8 1414839
+1 4244517
2941 2787852
+2 2787852
+1 1393926
3081 7074200
-46 1
+46 3
-46 1
cfi=(99)
cfn=(372)
calls=1 29 
* 63350

fn=(394)
2986 1
-9 1
+9 9
+1 3
cfn=(396)
calls=1 3521 
* 389
+1 1
-1 1
+1 1
+8 4
+7 2
+2 1
+1 2
-1 1
+1 78
+3 2

fn=(398) sysmalloc
2274 120
+20 15
+11 15
-11 15
+11 15
+1 58
fi=(100)
535 13
fe=(98)
2321 26
fi=(100)
535 13
fe=(98)
2321 26
+66 13
+1 39
+10 13
-9 13
+9 99
-91 6
+14 8
+6 4
+77 52
+3 39
2724 26
+1 13
+5 26
+3 26
+5 13
-3 13
+3 13
-2 13
+2 39
+1 13
-1 13
-1 13
+4 13
-3 26
+1 13
+2 13
2346 6
+16 2
-1 2
+1 4
+5 6
+1 10
+3 6
+1 10
2747 135
2460 39
+19 26
-11 13
+11 13
-11 13
+21 52
cfi=(103) /build/glibc-OTsEL5/glibc-2.27/malloc/morecore.c
cfn=(400) __default_morecore
calls=13 46 
* 625
* 13
+1 13
+3 39
+3 52
+1 26
+46 26
+2 26
+6 13
-6 13
+6 37
+1 60
-83 13
+10 26
+8 13
-8 13
+8 13
+67 4
+34 2
+6 3
+22 2
+1 5
+2 1
-2 1
+2 1
+1 4
cfi=(103)
cfn=(400)
calls=1 46 
* 25
+12 3
+48 1
+1 1
-2 1
+1 2
+12 1
-12 1
+1 1
+11 1
2544 2
-3 3
+99 2
+1 4
2329 14
cfi=(131)
cfn=(574)
calls=2 44 
* 70
+2 4

fn=(576) mremap_chunk
2861 6
+3 2
+3 4
-5 2
+1 2
+1 4
-2 2
+6 8
+3 8
+3 4
+3 12
cfi=(132) /build/glibc-OTsEL5/glibc-2.27/misc/../sysdeps/unix/syscall-template.S
cfn=(578) mremap
calls=2 78 
* 12
+3 4
+3 2
+2 4
+2 4
+8 10
-7 2
+3 2
-3 2
+3 2
-3 4
+3 6
+2 10

fn=(396)
3521 8614608
+32 1435768
-32 1435768
+32 12912387
+4 8614608
+24 2871536
+2 4307175
+3 1435725
+2 2871450
+2 1391979
-6 2783958
+6 4175937
+1 1391979
+5 4175937
+1 2783958
+7 5567916
-1 2783958
+1 2783958
+5 4175937
+1 4632407
+2 4582652
+1 1145663
2929 2291326
+1 1145663
-2 2291326
+2 2291326
-2 1145663
+4 3436989
3609 3436989
+1 90
1887 1392061
3682 1392061
1887 2784122
4131 12925087
3553 6350
+86 100
+62 490
+1 42
+20 43707
-1 87414
+1 43707
-1 43707
+1 87414
-2 218530
+6 131118
+66 43706
-40 87412
3879 43706
3731 43706
+1 43706
+20 87412
+40 87412
-60 87412
-12 1
+6 3
+66 1
-40 2
3879 1
3731 1
+1 1
+20 2
+40 2
-60 2
+60 4
-40 8
3879 4
3731 4
+1 4
+20 8
+40 8
-60 3628
+3 19644
+1 13096
+3 6548
+10 6548
-15 6548
+15 19642
+34 1810
-5 1810
+1 1810
+4 1810
+29 2444
+8 48
+1 12
+1 4
-1 4
+4 4
-3 4
+3 4
-4 21
+1 7
-1 7
+4 7
-3 7
+3 7
+5 4
-2 1
+3 2
+37 2444
+9 1222
-9 4888
+10 1222
-9 1222
+1 1222
+1 1222
+1 1222
+6 1222
+9 2444
3642 131325
+2 43775
-2 43775
+2 87550
+2 82
+1 164
+6 82
-4 82
+1 82
+1 82
+2 164
+7 328
-1 164
+1 246
+5 414
+1 234
3814 2422
+1 4844
+1 2422
3703 6
cfn=(542) malloc_consolidate
calls=3 4403 
* 288
* 873863
-62 568009
3786 588
-1 588
+1 1176
+5 1764
+1 2352
+95 3666
+17 76770
+2 56
+3 14
-3 14
+3 28
+68 76770
+1 76770
+1 76770
+1 76770
+1 76770
+5 79124
+14 4298
+2 980
+2 1960
3820 48
2929 1176
3751 5429
-1 10858
+1 10834
+4 4738
+1 4738
-1 4738
+2 9476
+3 4738
-2 4738
+1 9476
+1 4738
+2 4442
+1 4442
+3 26652
+6 4442
-6 13326
+2 13326
1887 4442
3769 4442
1887 8884
3766 1776
+6 296
-6 888
+2 888
1887 296
3769 296
1887 592
3720 2
3865 40
-45 6
2930 588
+2 588
-2 1176
+1 588
3796 588
2932 588
3795 588
+1 588
-95 16
3843 5
+1 2
-24 12
+73 77946
2941 1764
-1 1764
+2 1176
+1 1176
+1 588
3895 588
+95 111798
+3 148988
-3 111741
+3 148968
-3 74470
+3 111699
+97 37245
+3 37245
-2 74490
+2 74509
+17 57
+2 8
cfn=(542)
calls=4 4403 
* 45458
+3 4
-1 8
+1 4
-1 4
+3 12
4008 1169
+3 2338
+2 29
+1 29
+1 29
-2 116
-27 30
3850 1
+7 1
-1 2
+1 1
+1 1
+1 2
+2 2
3993 7
+2 28
+1 14
-1 56
+1 28
+24 3420
+3 2280
+5 1140
-3 2280
+3 13713
+3 2280
+3 461
-1 461
+1 922
1887 38366
4103 38366
1887 76732
3993 28
4125 45
cfn=(398)
calls=15 2274 
* 2405
+1 15
-1 15
+1 15
1887 45
4046 679
-5 679
+6 1358
+8 679
-6 679
+1 679
+1 679
+1 679
+3 679
+1 679
+1 1358
+2 11
+1 11
+2 99
+2 33
+1 22
-3 6012
+2 2004
+1 1336
+30 37226
+3 74452
-3 37226
+1 37226
+2 111678
+2 37226
-2 74452
-1 37226
+1 74452
+2 74452
-72 121

fn=(508) systrim.isra.1.constprop.11
2760 10
+11 6
+2 2
+1 4
-4 2
+8 6
+2 6
+7 6
cfi=(103)
cfn=(400)
calls=2 46 
* 50
* 2
+1 8
+12 6
cfi=(103)
cfn=(400)
calls=2 46 
* 98
+2 4
+1 4
+2 4
cfi=(103)
cfn=(400)
calls=2 46 
* 50
+2 2
+2 4
+4 4
+4 4
-1 2
+1 4
+7 2
-5 2
+5 10

fn=(542)
4403 9
+19 9
-19 9
+30 9
-30 18
+29 9
-29 9
+32 9
-15 9
+15 18
+1 18
-1 162
+1 162
+3 131115
+1 174820
+8 43705
-3 43705
+3 43705
+1 43705
+1 131115
+2 87410
+1 21256
+2 21256
-1 21256
+2 323872
+3 87410
+1 43705
+2 87410
+1 21278
+1 255336
+4 43705
+4 43705
-3 43705
+1 43705
+2 43705
+1 3086
+1 3086
+3 3086
+1 3086
+1 3086
-2 6172
+3 3086
+9 9258
-12 40619
+1 40619
+1 40619
-2 81238
+3 40619
+9 121875
+3 360
+1 54
-27 67281
-2 5418

fn=(494) realloc
3130 196
+7 56
+1 56
+4 216
+7 54
+6 27
+3 27
-5 27
+2 54
+2 54
+14 108
+1 54
+4 216
+2 54
+41 100
+2 150
cfn=(500)
calls=25 4502 
* 199590
+1 25
-1 25
+1 238
-46 135
-15 75
+1 75
+20 8
+19 6
cfn=(576)
calls=2 2861 
* 118
+1 2
+1 2
-1 2
+47 243
3139 1
3249 7
3139 1
cfi=(99)
cfn=(496)
calls=1 37 
* 858

fn=(506)
4139 160
+10 48
+6 64
+1 48
+4 64
+9 80
-2 32
+3 32
+1 20
2929 15
-1 5
+4 5
-2 10
-2 5
+4 10
4390 176
4184 22
+75 22
+6 55
+7 11
-4 11
+4 22
+3 22
+5 33
+3 22
+1 22
+1 22
1894 33
4291 22
+7 22
+5 27
+4 18
+9 9
-1 9
+2 27
+4 9
-2 9
+1 9
+1 9
+2 9
+1 9
+2 9
+1 9
+2 27
+1 9
+30 22
+20 22
-39 2
+1 6
+1 4
+18 12
+3 12
-87 33
-2 22
+91 20
+2 4
cfn=(508)
calls=2 2760 
* 302
* 2

fn=(532) free
3086 31126447
+5 5659354
+1 5659354
+6 5659354
+5 2829677
-2 2829677
+2 5659354
+18 8489025
+2 8489025
4149 5659350
+6 11318700
+1 5659350
+4 11318700
+9 8489025
-2 5659350
+3 5659350
+1 11318692
+13 5162712
+11 10325388
+2 7744041
1894 7744041
4218 2581347
+7 2581347
-6 5162694
+6 5162694
-2 2581347
+2 5162694
+4 5162694
+2 2581347
+1 5162694
3125 31126447
-18 8
+2 8
+1 4
+2 2
+1 2
-1 2
+1 2
+1 2
2829 2
+2 4
3110 4
2835 4
+3 6
+1 2
+6 14
+3 2
+1 6
+5 2
cfi=(132)
cfn=(584) munmap
calls=2 78 
* 10
* 2
-19 4
4259 18
+3 9
+1 9
-1 27
+10 9
-4 9
+4 18
+3 18
+5 27
+3 18
+1 18
+1 18
1894 27
4291 18
+7 18
+5 27
+1 17
+1 1
+11 1
-1 1
+2 2
-1 8
-1 8
+2 16
+4 9
-2 9
+1 9
+1 9
+2 2
+1 2
+2 2
+1 2
+2 6
+1 2
+30 4
-34 7
+1 7
+2 21
+1 7
+30 14
+20 18
2929 744957
+3 248319
-2 496638
+1 248319
+1 496638
4277 27
-2 18
+32 24
+54 6
+1 4
cfn=(542)
calls=2 +41 
* 2227936
+2 6
+2 10
2829 6

fl=(85)
fn=(314)
31 5
+2 1
+2 1
-4 1
+4 1
-4 1
+2 3
+2 2
+1 1

fl=(73) /build/glibc-OTsEL5/glibc-2.27/wcsmbs/../sysdeps/x86_64/multiarch/ifunc-wmemset.h
fn=(244) wmemset
32 4
-2 2
+2 4
-2 4
+5 2
-1 8
fi=(143) /build/glibc-OTsEL5/glibc-2.27/wcsmbs/../sysdeps/x86_64/multiarch/wmemset.c
-3 2
fe=(73)

fl=(132)
fn=(578)
78 10
+1 2

fn=(584)
78 8
+1 2

fl=(134) /build/glibc-OTsEL5/glibc-2.27/io/../sysdeps/unix/sysv/linux/close.c
fn=(600) __close_nocancel
37 4
+1 1

fl=(83)
fn=(308)
31 2
-1 3
+1 4
+2 3
cfi=(84)
cfn=(312)
calls=1 +10 
* 27
* 1
+4 5
+1 3
+2 4

fl=(133) /build/glibc-OTsEL5/glibc-2.27/libio/iofclose.c
fn=(590) fclose@@GLIBC_2.2.5
34 3
+14 1
-14 1
+14 2
fi=(129)
796 2
+1 3
fe=(133)
57 1
fi=(129)
870 3
+2 2
+1 2
fe=(133)
57 3
cfi=(107)
cfn=(606) _IO_file_finish@@GLIBC_2.2.5
calls=1 169 
* 37
+1 3
+13 2
+3 6
+3 2
cob=(2)
cfi=(18)
cfn=(602)
calls=1 -77 
* 71
+4 5
-32 1
cfi=(106)
cfn=(592)
calls=1 +4 
* 94
+2 19
+1 2
+1 2
cfi=(107)
cfn=(594) _IO_file_close_it@@GLIBC_2.2.5
calls=1 +76 
* 2210756
* 4
fi=(129)
797 6
fe=(133)

fl=(140) /build/glibc-OTsEL5/glibc-2.27/posix/../sysdeps/unix/sysv/linux/_exit.c
fn=(666) _Exit
27 2
+4 1
+2 2

fl=(103)
fn=(400)
46 20
+1 20
cfi=(104)
cfn=(402)
calls=20 -15 
* 708
+2 60
+3 40

fl=(107)
fn=(462)
478 102
+6 102
-14 170
+17 204
+13 68
+20 68
cfi=(106)
cfn=(474)
calls=34 164 
* 816
+11 34
-5 34
fi=(129)
872 34
fe=(107)
526 68
fi=(129)
872 34
fe=(107)
527 34
+2 34
fi=(129)
873 34
fe=(107)
528 68
fi=(129)
873 34
fe=(107)
531 136
cfn=(476) _IO_file_read
calls=34 1153 
* 476
+2 68
+16 30
-9 30
+9 60
+2 30
+1 60
-1 30
+1 124
-16 16
+10 4
-10 4
+10 8
+6 24
-62 3
+5 2
cfi=(106)
cfn=(464)
calls=1 362 
* 310
* 2

fn=(476)
1153 68
+3 102
cfi=(119) /build/glibc-OTsEL5/glibc-2.27/io/../sysdeps/unix/sysv/linux/read.c
cfn=(478) read
calls=34 27 
* 306

fn=(660)
389 2
+1 1
cfi=(106)
cfn=(662)
calls=1 +89 
* 68
* 2
+4 2
-1 2
+2 3
+2 1
+1 2

fn=(468) _IO_file_stat
1169 2
+1 6
cfi=(118)
cfn=(470)
calls=2 34 
* 20

fn=(410) _IO_new_file_init_internal
107 2
+4 1
-4 2
+5 1
-1 1
+3 1
cfi=(106)
cfn=(412)
calls=1 -27 
* 86
+1 1
+1 4

fn=(594)
129 3
+2 3
+4 1
+3 2
-3 1
-1 2
+6 1
+3 1
-3 1
cfi=(106)
cfn=(596)
calls=1 1019 
* 6
+3 3
fi=(129)
870 3
+2 2
+1 2
fe=(107)
143 2
cfn=(598) _IO_file_close
calls=1 1190 
* 7
* 1
+3 3
+8 5
cfi=(106)
cfn=(472)
calls=1 347 
* 2210674
+1 2
+3 1
-3 1
+1 3
+2 1
cfi=(106)
cfn=(592)
calls=1 53 
* 15
+5 1
-4 1
+1 1
+1 1
+2 1
+1 5

fn=(414) _IO_file_fopen@@GLIBC_2.2.5
214 10
+9 2
+2 4
364 10
248 14
+33 1
-96 1
+1 2
-1 1
+4 1
cfi=(108) /build/glibc-OTsEL5/glibc-2.27/io/../sysdeps/unix/sysv/linux/open64.c
cfn=(416) open
calls=1 36 
* 28
* 1
+1 2
+3 1
-1 1
+1 2
+3 2
-3 1
+3 1
+10 2
cfi=(106)
cfn=(412)
calls=1 87 
* 16
+81 3
cfi=(109) /build/glibc-OTsEL5/glibc-2.27/string/../string/strstr.c
cfn=(418) __GI_strstr
calls=1 53 
* 25
+1 1
-1 1
+1 1
-59 1
-1 1
-13 2
+73 2

fn=(556)
1220 1448
+7 362
-7 1086
+6 724
+64 3258

fn=(560)
747 543
+7 181
-8 1086
+8 721
+35 360
+3 362
+3 543
+1 543
+1 905
+5 724
-45 2
+12 2
+9 4
+8 1
-4 1
+3 2
-2 2
-3 1
+1 2
+5 1
-1 1
+1 3
+3 1
-2 1
+2 1
+10 14
-1 7
+1 7
-1 7
cfn=(566) _IO_do_write@@GLIBC_2.2.5
calls=7 433 
* 742
* 14
-39 2
cfi=(106)
cfn=(464)
calls=1 362 
* 162
+1 6

fn=(566)
433 21
-2 112
+11 14
+7 28
fi=(129)
873 14
fe=(107)
457 28
cfn=(570) _IO_file_write@@GLIBC_2.2.5
calls=7 1196 
* 315
* 7
+1 35
+6 7
-4 7
+4 7
-4 21
+1 14
+3 7
-2 7
-29 28
+1 56
+29 14

fn=(606)
169 4
+1 2
+7 1
-1 2
+1 2
-1 1
cfi=(106)
cfn=(608)
calls=1 628 
* 25

fn=(570)
1196 42
+2 42
+5 7
cfi=(130) /build/glibc-OTsEL5/glibc-2.27/io/../sysdeps/unix/sysv/linux/write.c
cfn=(572) write
calls=7 27 
* 63
+1 14
+5 7
+1 7
-12 14
+5 35
+10 21
+3 63

fn=(598)
1190 2
cfi=(134)
cfn=(600)
calls=1 37 
* 5

fn=(664)
807 4
+5 4
+2 1
+1 2
+15 2
+4 4

fl=(97) /build/glibc-OTsEL5/glibc-2.27/libio/iofopen.c
fn=(366) fopen@@GLIBC_2.2.5
88 5
-23 1
+23 2
-23 1
cob=(2)
cfi=(18)
cfn=(368) 0x0000000004c4d2c0
calls=1 -65 
* 63363
+2 3
+3 1
+2 4
-2 1
+2 3
cfi=(106)
cfn=(406)
calls=1 590 
* 60
+1 1
+1 1
-1 1
+1 1
cfi=(107)
cfn=(410)
calls=1 +33 
* 99
+4 5
cfi=(107)
cfn=(414)
calls=1 214 
* 140
* 2
-41 2
+53 7

fl=(69) /build/glibc-OTsEL5/glibc-2.27/string/../sysdeps/x86_64/multiarch/ifunc-memset.h
fn=(226) memset
42 5
+4 2
-1 4
+12 2
+2 5

fl=(109)
fn=(418)
53 7
+10 4
+26 9
-23 5

fl=(108)
fn=(416)
36 1
+3 1
-3 3
+3 1
-3 1
+3 5
+8 11
+2 5

fl=(115)
fn=(448)
158 521229
+1 173743
+1 173743
+1 173743
+1 173743
+8 173743
+1 173743
cfn=(450) __memset_avx2_erms
calls=1 -34 
* 4015
+3 173742
+1 173742
+1 173720
+1 173720
+1 173720
+1 173720
+2 173720
+1 173720
-1 13
+1 13
+3 22
+1 22
+1 22
+1 22
+1 22
+1 22
+1 22
+1 22
+1 22
+1 22
+1 22
+1 22
+1 22
+1 22
+2 10
+1 10
+1 10
+1 10
+1 10
+1 10
+1 10
+1 9
+1 9

fn=(450)
137 1
+1 1
+1 1
+1 1
+1 4009
+1 1
+1 1

fl=(119)
fn=(478)
27 272
+1 34

fl=(124) /build/glibc-OTsEL5/glibc-2.27/debug/fprintf_chk.c
fn=(548) __fprintf_chk
26 2534
+4 2715
+1 362
+1 181
+2 181
+1 543
-1 905
+1 181
cfi=(125)
cfn=(550)
calls=181 1244 
* 63063
fi=(127) /build/glibc-OTsEL5/glibc-2.27/debug/../libio/libioP.h
805 181
+1 181
fe=(124)
35 181
fi=(127)
806 181
+1 1448
fe=(124)
43 1448

fl=(60) /build/glibc-OTsEL5/glibc-2.27/string/../sysdeps/x86_64/multiarch/ifunc-avx2.h
fn=(268) strchrnul
32 1
-2 1
+2 2
-2 3
fi=(144) /build/glibc-OTsEL5/glibc-2.27/string/../sysdeps/x86_64/multiarch/strchrnul.c
+1 1
fe=(60)

fn=(250) strlen
32 1
-2 1
+2 2
-2 3
fi=(145) /build/glibc-OTsEL5/glibc-2.27/string/../sysdeps/x86_64/multiarch/strlen.c
-1 1
fe=(60)

fn=(252) memrchr
32 1
-2 1
+2 2
-2 3
fi=(146) /build/glibc-OTsEL5/glibc-2.27/string/../sysdeps/x86_64/multiarch/memrchr.c
-1 1
fe=(60)

fn=(258) memchr
32 1
-2 1
+2 2
-2 3
fi=(147) /build/glibc-OTsEL5/glibc-2.27/string/../sysdeps/x86_64/multiarch/memchr.c
-1 1
fe=(60)

fn=(230) strnlen
32 2
-2 2
+2 4
-2 6
fi=(148) /build/glibc-OTsEL5/glibc-2.27/string/../sysdeps/x86_64/multiarch/strnlen.c
+1 2
fe=(60)

fn=(212) rawmemchr
32 1
-2 1
+2 2
-2 3
fi=(149) /build/glibc-OTsEL5/glibc-2.27/string/../sysdeps/x86_64/multiarch/rawmemchr.c
+1 1
fe=(60)

fn=(204) rindex
32 1
-2 1
+2 2
-2 3
fi=(150) /build/glibc-OTsEL5/glibc-2.27/string/../sysdeps/x86_64/multiarch/strrchr.c
-2 1
fe=(60)

fl=(86) /build/glibc-OTsEL5/glibc-2.27/string/../sysdeps/x86/cacheinfo.c
fn=(316) init_cacheinfo
488 7
+14 6
758 2
+2 1
+1 1
+2 1
-3 1
+5 1
-5 1
+4 3
+4 2
+3 2
+2 1
+1 1
+2 1
-3 1
+5 1
-5 1
+4 3
+9 1
+2 8
-2 1
+3 8
500 1
+4 1
-4 1
+4 1
cfn=(318) handle_intel.constprop.1
calls=1 259 
* 469
+2 1
-2 1
+2 1
cfn=(318)
calls=1 259 
* 515
+5 1
-5 1
+5 1
cfn=(318)
calls=1 259 
* 542
+8 1
-8 1
+8 1
+11 1
-20 1
+25 3
+4 2
+8 6
+3 2
+9 6
+14 2
+4 1
+3 1
+1 1
-4 1
+3 1
-3 1
+3 1
+6 8
-39 3
+3 9
+6 6
-6 3
+6 2
+3 20
+5 2
+4 1
+1 1
-1 3
691 4
+1 5
+4 2
+59 2
592 2
+8 1
+2 1
-2 6
+2 4
-2 1
+4 1
+23 2
-25 2
+2 6
+2 6
+3 2
+1 8
+2 4
+3 2
+5 1
+2 2
+1 1
-1 1
+2 1
-2 1
+1 2
+27 2
+1 1
+1 2
+2 1
-1 1
+1 1
-24 3
+4 2
+3 1
+2 4
+1 1
+5 2

fn=(320) intel_check_word.isra.0
132 12
+6 6
-10 18
+10 6
-10 6
+10 6
-10 6
+10 12
-10 6
+10 6
+2 6
-2 6
+2 18
250 12
140 24
+2 15
+2 30
+8 30
+51 24
+22 12
fi=(87) /build/glibc-OTsEL5/glibc-2.27/string/../bits/stdlib-bsearch.h
28 12
-1 24
+4 24
+1 12
fe=(86)
+87 24
fi=(87)
-88 138
+1 69
fe=(86)
+87 138
+3 81
fi=(87)
-93 252
+8 15
-8 36
fe=(86)
134 3
255 36
-91 9
+3 9
-6 13
+3 4
+9 4
+5 14
+1 10
+17 5
-32 15
+3 15
+4 14
+2 28
+2 14
+2 8
+4 3
+2 6
+2 3
+2 3
-2 3
+2 6
-2 3
+3 9
-2 12
+2 6
-24 2
+7 2
+2 4

fn=(318)
259 21
+2 3
-2 9
+5 9
+8 3
+1 3
-3 3
+5 12
+6 6
+5 3
-5 9
+5 3
+2 3
+1 3
-1 3
+5 18
cfn=(320)
calls=3 132 
* 1035
+2 6
+3 21
cfn=(320)
calls=3 132 
* 314
+2 6
+19 33

fl=(136) /build/glibc-OTsEL5/glibc-2.27/stdlib/cxa_thread_atexit_impl.c
fn=(614) __call_tls_dtors
145 3
+1 4
+18 4

fl=(138) /build/glibc-OTsEL5/glibc-2.27/stdlib/cxa_finalize.c
fn=(638) __cxa_finalize
30 2
+3 1
-3 5
+3 1
-3 1
+3 5
+3 3
+4 7
-4 3
+58 5
+4 6
-4 3
+12 2
+1 2
cfi=(139)
cfn=(640)
calls=1 -79 
* 16
+2 4
+1 8

fl=(130)
fn=(572)
27 56
+1 7

fl=(63)
fn=(210)
25 20
+1 8
+4 8
+18 24
-21 4
+20 4

fl=(61) /build/glibc-OTsEL5/glibc-2.27/time/../sysdeps/unix/sysv/linux/x86/time.c
fn=(206) time
43 2
fi=(62) /build/glibc-OTsEL5/glibc-2.27/time/../sysdeps/generic/dl-hash.h
+1 1
+1 1
fe=(61)
-2 4
fi=(62)
+5 3
+14 4
-17 3
+3 9
+14 12
-17 9
+22 1
fe=(61)
-24 6
cfi=(63)
cfn=(210)
calls=1 -18 
* 17
* 5

fl=(65) /build/glibc-OTsEL5/glibc-2.27/string/../sysdeps/x86_64/multiarch/ifunc-memcmp.h
fn=(218) bcmp
33 5
-1 2
+2 2
+1 3
fi=(66) /build/glibc-OTsEL5/glibc-2.27/string/../sysdeps/x86_64/multiarch/memcmp.c
-6 1
fe=(65)

fl=(56) /build/glibc-OTsEL5/glibc-2.27/string/../sysdeps/x86_64/multiarch/ifunc-memmove.h
fn=(240) memcpy@@GLIBC_2.14
44 10
+4 4
-1 4
+12 4
+2 10

fn=(194) memmove
44 10
+4 4
-1 4
+12 4
+2 10

fn=(216) mempcpy
44 5
+4 2
-1 2
+12 2
+2 5

fl=(116) /build/glibc-OTsEL5/glibc-2.27/libio/getc.c
fn=(456) getc
34 120444
+3 120444
-3 120444
+3 120444
+1 722562
+5 361264
-5 34
cfi=(106)
cfn=(458)
calls=34 318 
* 5412

fl=(77) /build/glibc-OTsEL5/glibc-2.27/time/../sysdeps/unix/sysv/linux/x86/gettimeofday.c
fn=(274) gettimeofday
42 2
fi=(62)
+2 1
+1 1
fe=(77)
-3 3
fi=(62)
+1 1
+5 3
+14 4
-17 3
+3 9
+14 12
-17 9
+22 1
fe=(77)
-25 6
cfi=(63)
cfn=(210)
calls=1 -17 
* 17
* 5

fl=(117)
fn=(466)
78 16
+6 8
fi=(129)
870 6
+2 4
+1 4
fe=(117)
84 6
cfi=(107)
cfn=(468)
calls=2 1169 
* 28
* 4
+2 8
+11 8
+4 4
cob=(2)
cfi=(18)
cfn=(368)
calls=2 0 
* 244
* 2
+2 2
-1 4
+2 8
cfi=(106)
cfn=(472)
calls=2 347 
* 36
+1 2
+1 16
-15 1
fi=(151) /build/glibc-OTsEL5/glibc-2.27/libio/../misc/sys/sysmacros.h
-12 6
fe=(117)
+12 1
-2 2
+5 2

fl=(135)
fn=(612) __run_exit_handlers
40 9
+5 1
-5 1
+5 2
+11 14
+3 2
+2 5
+16 2
+35 6
+2 2
-44 6
+2 1
+1 1
-1 1
+4 4
+1 6
+29 1
-3 1
+5 1
-2 2
+2 2
cob=(1)
cfi=(137) /build/glibc-OTsEL5/glibc-2.27/elf/dl-fini.c
cfn=(616) _dl_fini
calls=1 -78 
* 642
+1 1
+11 1
+1 1
-1 1
+1 1
+5 4
-73 1
+12 1
+1 4
+63 2
+1 11
cfi=(106)
cfn=(652)
calls=1 918 
* 343
* 3
+2 2
cfi=(140)
cfn=(666)
calls=1 27 
* 5
-86 1
cfi=(136)
cfn=(614)
calls=1 +99 
* 11
* 1

fn=(610)
139 1
-1 1
+1 3
cfn=(612)
calls=1 -99 
* 1106

fl=(72) /build/glibc-OTsEL5/glibc-2.27/wcsmbs/../sysdeps/x86_64/multiarch/wcsnlen.c
fn=(242) wcsnlen
40 1
-2 1
+2 2
-2 2
+11 1

fl=(70) /build/glibc-OTsEL5/glibc-2.27/string/../sysdeps/x86_64/multiarch/ifunc-sse4_2.h
fn=(232) strcspn
30 5
fi=(152) /build/glibc-OTsEL5/glibc-2.27/string/../sysdeps/x86_64/multiarch/strcspn.c
-1 1
fe=(70)

fn=(262) strspn
30 5
fi=(153) /build/glibc-OTsEL5/glibc-2.27/string/../sysdeps/x86_64/multiarch/strspn.c
-1 1
fe=(70)

fn=(246) strpbrk
30 5
fi=(154) /build/glibc-OTsEL5/glibc-2.27/string/../sysdeps/x86_64/multiarch/strpbrk.c
-1 1
fe=(70)

fl=(64) /build/glibc-OTsEL5/glibc-2.27/wcsmbs/../sysdeps/x86_64/multiarch/ifunc-avx2.h
fn=(214) wmemchr
32 2
-2 2
+2 4
-2 6
fi=(155) /build/glibc-OTsEL5/glibc-2.27/wcsmbs/../sysdeps/x86_64/multiarch/wmemchr.c
+1 2
fe=(64)

fn=(228) wcschr
32 2
-2 2
+2 4
-2 6
fi=(156) /build/glibc-OTsEL5/glibc-2.27/wcsmbs/../sysdeps/x86_64/multiarch/wcschr.c
+1 2
fe=(64)

fn=(260) wcslen
32 1
-2 1
+2 2
-2 3
fi=(157) /build/glibc-OTsEL5/glibc-2.27/wcsmbs/../sysdeps/x86_64/multiarch/wcslen.c
-1 1
fe=(64)

fl=(67) /build/glibc-OTsEL5/glibc-2.27/string/../sysdeps/x86_64/multiarch/strncmp.c
fn=(222) strncmp
38 4
+1 3
+9 1

fl=(74) /build/glibc-OTsEL5/glibc-2.27/string/../sysdeps/x86_64/multiarch/strchr.c
fn=(248) index
40 2
-2 1
+2 2
-2 2
+11 1

fl=(57) /build/glibc-OTsEL5/glibc-2.27/string/../sysdeps/x86_64/multiarch/ifunc-unaligned-ssse3.h
fn=(196) strncpy
33 4
+3 4
fi=(158) /build/glibc-OTsEL5/glibc-2.27/string/../sysdeps/x86_64/multiarch/strncpy.c
-7 1
fe=(57)

fn=(266) stpcpy
33 4
+3 4
fi=(159) /build/glibc-OTsEL5/glibc-2.27/string/../sysdeps/x86_64/multiarch/stpcpy.c
-3 1
fe=(57)

fn=(238) strcpy
33 4
+3 4
fi=(160) /build/glibc-OTsEL5/glibc-2.27/string/../sysdeps/x86_64/multiarch/strcpy.c
-7 1
fe=(57)

fn=(264) stpncpy
33 4
+3 4
fi=(161) /build/glibc-OTsEL5/glibc-2.27/string/../sysdeps/x86_64/multiarch/stpncpy.c
-5 1
fe=(57)

fn=(202) strcat
33 4
+3 4
fi=(162) /build/glibc-OTsEL5/glibc-2.27/string/../sysdeps/x86_64/multiarch/strcat.c
-7 1
fe=(57)

ob=(5)
fl=(114) /tmp/cii/src/array.c
fn=(444) Array_new
9 7074175
+2 5659340
cfi=(112) /tmp/cii/src/mem.c
cfn=(424) Mem_alloc
calls=1414835 -3 
* 87195333
* 1414835
+1 2829670
+1 11318680
cfi=(112)
cfn=(432) Mem_calloc
calls=1414835 +9 
* 258833763
* 8489010
cfn=(440) ArrayRep_init
calls=1414835 +7 
* 43859885
* 1414835
+4 1414835
+1 2829670

fn=(440)
20 9903859
+1 2829674
+1 7074185
+1 2829674
+1 4244511
+1 4244511
+1 2829674
+1 4244511
+3 5659348

fn=(524) Array_free
31 5659348
+1 9903859
+1 9903859
cfi=(112)
cfn=(526) Mem_free
calls=1414837 +3 
* 140780055
* 4244511
+1 8489022
cfi=(112)
cfn=(526)
calls=1414837 +2 
* 143643897
* 2829674
+1 4244511

fn=(486) Array_resize
57 140
+1 56
+1 56
+1 56
+2 112
+3 280
cfi=(112)
cfn=(488) Mem_resize
calls=28 -24 
* 204464
* 84
+1 84
+1 84

fn=(484) Array_get
36 646360375
+1 258544150
+1 904904525
+1 904904525
+1 258544150

fl=(112)
fn=(424)
8 8489028
+2 2829676
+1 4244514
cob=(3)
cfi=(98)
cfn=(370)
calls=1414837 3028 
* 61728733
cob=(1)
cfi=(95)
cfn=(360) _dl_runtime_resolve_xsave
calls=1 +60 
* 1174
* 1414842
* 1414838
+1 2829676
+7 1414838
+1 2829676

fn=(432)
22 9903859
+2 2829674
+1 2829674
+1 7074185
cob=(3)
cfi=(98)
cfn=(438)
calls=1414836 3379 
* 226292798
cob=(1)
cfi=(95)
cfn=(360)
calls=1 +45 
* 1151
* 1414841
* 1414837
+1 2829674
+7 1414837
+1 2829674

fn=(526)
36 16978050
+1 5659350
+1 8489025
cob=(3)
cfi=(98)
cfn=(532)
calls=2829674 3086 
* 241977959
cob=(1)
cfi=(95)
cfn=(360)
calls=1 +33 
* 966
* 2829679
+1 8489025

fn=(488)
41 196
+1 56
+1 56
+1 140
cob=(3)
cfi=(98)
cfn=(494)
calls=27 3130 
* 201982
cob=(1)
cfi=(95)
cfn=(360)
calls=1 +27 
* 1834
* 32
* 28
+1 56
+7 28
+1 56

fl=(113) /tmp/cii/src/seq.c
fn=(512) Seq_get
54 185279195
+1 74111678
+1 259390873
+1 74111678
+1 407614229
-1 111167517
+2 74111678

fn=(430) Seq_new
26 8
+2 4
+1 10
cfi=(112)
cfn=(432)
calls=2 -7 
* 1441
* 2
+1 4
+1 2
+2 6
-1 8
cfi=(112)
cfn=(424)
calls=2 -24 
* 466
* 14
cfi=(114)
cfn=(440)
calls=2 -12 
* 62
+2 2
+1 4

fn=(516) Seq_length
50 5659340
+1 2829670
+1 2829670
+1 2829670

fn=(510) Seq_addhi
89 105245
+2 42098
+1 126294
+1 33
cfn=(518) expand
calls=11 -77 
* 132756
+1 126294
+1 42098
+1 231539
-1 42098
+1 63147
+1 42098

fn=(534) Seq_put
60 8362716
+2 2787572
+1 9756502
+1 2787572
+1 15331646
-1 5575144
+2 2787572
+1 15331646
-1 2787572
+1 2787572
+1 1393786
+1 2787572

fn=(582) Seq_free
45 8
+1 14
+2 6
cfi=(114)
cfn=(524)
calls=2 -17 
* 460
+1 6

fn=(522) Seq_remlo
78 5659340
+1 1414835
+2 2829670
+1 5659340
+1 2829670
+1 15563185
-1 5659340
+2 14148350
+1 7074175
+1 1414835
+1 2829670

fn=(518)
16 88
+1 66
+1 132
cfi=(114)
cfn=(486)
calls=22 +39 
* 201612
+1 88
+2 80
+1 160
cob=(3)
cfi=(121)
cfn=(504)
calls=9 217 
* 254210
cob=(1)
cfi=(95)
cfn=(360)
calls=1 +49 
* 949
* 14
+1 60
+2 66

fn=(520) Seq_addlo
98 7050225
+1 1410045
+1 2820090
+1 8460270
+1 33
cfn=(518)
calls=11 -86 
* 324769
+1 12690405
+1 95
+1 95
+1 38
+1 209
-1 38
+1 57
+1 38
-3 7050130
+1 2820052
+1 15510286
-1 2820052
+1 4230078
+1 2820052

fl=(120) /home/johnodonnell77/csc_411/um/bitpack.c
fn=(482) Bitpack_fitsu
42 120440
-1 602200
+1 120440
+8 240880
-28 240880
+33 120440
-32 120440
+5 361320
+24 120440
+5 120440
-5 120440
+5 361320

fn=(480) Bitpack_newu
109 1324840
+1 240880
+3 361320
cfn=(482)
calls=120440 -71 
* 2649680
* 602200
-99 120440
-2 240880
+13 120440
-2 120440
+5 602200
-17 240880
+1 240880
+5 602200
136 963520
17 240880
117 361320
-95 240880

fl=(94)
fn=(352)
10 1
-1 1
+1 1
+4 1
+22 3
-20 3
cob=(1)
cfi=(95)
cfn=(360)
calls=1 +55 
* 64625
* 5
+1 1
-1 1
+1 1
+6 2
cfi=(110) /home/johnodonnell77/csc_411/um/run_um.c
cfn=(420) run
calls=1 +96 
* 7576754065
+6 2
cob=(1)
cfi=(95)
cfn=(360)
calls=1 +42 
* 2211979
* 5
* 1

fl=(110)
fn=(442) load_zero
19 7
+2 1
+2 1
-4 2
+2 2
cfi=(114)
cfn=(444)
calls=1 -12 
* 4572
+3 1
-3 2
+15 1
-17 2
+17 1
cob=(1)
cfi=(95)
cfn=(360)
calls=1 +35 
* 1395
* 5
* 30110
-17 60220
+17 30110
cob=(3)
cfi=(116)
cfn=(456)
calls=30110 -2 
* 395809
* 30110
+1 30111
-18 30111
+18 30111
+3 481760
+2 180660
+2 120440
+3 90330
cfi=(120)
cfn=(480)
calls=30110 +62 
* 2318470
-12 30110
+12 30110
-12 30110
+1 270999
cob=(3)
cfi=(116)
cfn=(456)
calls=90333 -2 
* 1174764
* 90333
+1 180666
+1 4
-3 8
+19 60222
+1 30111
-1 30111
cfi=(114)
cfn=(484)
calls=30111 -18 
* 692553
+3 30111
-3 30111
+3 30111
-28 60222
+34 3
cfi=(114)
cfn=(486)
calls=1 -6 
* 455
+6 1
+1 1
-1 1
+1 1
+8 7
-8 1
cfi=(113)
cfn=(510)
calls=1 +19 
* 39
-12 25
cfi=(114)
cfn=(486)
calls=5 -1 
* 3349
* 5
-13 90330
cfi=(120)
cfn=(480)
calls=30110 +64 
* 2318470
* 60220
-4 90330
cfi=(120)
cfn=(480)
calls=30110 +68 
* 2318470
* 60220
+2 90330
cfi=(120)
cfn=(480)
calls=30110 +66 
* 2318470
* 60220

fn=(420)
119 8
+9 1
-9 4
+3 1
cfi=(111) /home/johnodonnell77/csc_411/um/seg.c
cfn=(422) seg_new
calls=1 16 
* 3245
+1 2
-1 1
+1 1
cfn=(442)
calls=1 19 
* 14015948
+5 1
fi=(122) /home/johnodonnell77/csc_411/um/seg.h
-82 2
fe=(110)
+82 2
+7 3
cfi=(113)
cfn=(512)
calls=1 -81 
* 32
* 2
+5 3
cfi=(114)
cfn=(484)
calls=1 36 
* 23
* 255211563
cfi=(114)
cfn=(484)
calls=85070521 36 
* 1956621983
* 85070522
-57 170141044
+11 170141044
+3 52516822
+1 52516822
+1 52516822
-2 52516822
+1 52516822
+1 52516822
-2 52516822
+1 52516822
+56 262584110
+31 2
cfi=(111)
cfn=(580) seg_free
calls=1 30 
* 6164343
+1 4
cfi=(112)
cfn=(526)
calls=1 36 
* 102
+62 11
-67 30071230
+60 162998824
-64 1022016
+1 170336
-5 524575
+1 104915
-5 18846240
+1 3141040
-5 48602244
fi=(122)
60 16200748
fe=(110)
165 16200748
fi=(122)
60 16200748
fe=(110)
165 16200748
fi=(122)
60 16200748
cfi=(113)
cfn=(512)
calls=16200748 -6 
* 518423936
+2 48602244
cfi=(114)
cfn=(484)
calls=16200748 -26 
* 372617204
* 32401496
fe=(110)
+99 38922608
fi=(122)
-93 19461304
fe=(110)
+93 19461304
fi=(122)
-93 58383912
cfi=(113)
cfn=(512)
calls=19461304 -14 
* 622761728
+1 58383912
cfi=(114)
cfn=(484)
calls=19461304 -33 
* 447609992
fe=(110)
+92 58383912
+1 19461304
-5 23296826
+49 14284436
+20 10713327
-32 1410045
fi=(122)
54 4230135
cfi=(113)
cfn=(520)
calls=1410045 +44 
* 68007057
* 1410045
fe=(110)
190 1414834
fi=(122)
31 8489004
cfi=(114)
cfn=(444)
calls=1414834 -22 
* 432329459
+1 1414834
-1 1414834
+1 4244502
+2 2829668
-2 1414834
+2 1414834
cfi=(114)
cfn=(484)
calls=1414834 +2 
* 32541182
* 14189112
-2 7094556
+2 7094556
cfi=(114)
cfn=(484)
calls=7094556 +2 
* 163174788
-2 8509390
+2 8509390
-2 8509390
+7 2829668
cfi=(113)
cfn=(516)
calls=1414834 +11 
* 14148340
* 2829668
+5 2787572
cfi=(113)
cfn=(522)
calls=1393786 +34 
* 64114156
+1 2787572
-1 1393786
+1 2787572
cfi=(113)
cfn=(512)
calls=1393786 +9 
* 44601152
+1 1393786
-1 1393786
+1 1393786
cfi=(114)
cfn=(524)
calls=1393786 -15 
* 324713211
+1 6968930
cfi=(113)
cfn=(534)
calls=1393786 +13 
* 72476872
fe=(110)
190 2829668
+1 1414834
+7 181
fi=(128) /usr/include/x86_64-linux-gnu/bits/stdio2.h
97 362
fe=(110)
198 181
fi=(128)
97 543
cob=(3)
cfi=(124)
cfn=(548)
calls=180 -71 
* 73691
cob=(1)
cfi=(95)
cfn=(360)
calls=1 -26 
* 1548
* 185
* 181
fe=(110)
+6 32553700
+1 32553700
-1 32553700
230 32553700
104 65107400
fi=(122)
-64 21048
+2 42096
-2 42096
+2 21048
cfi=(113)
cfn=(510)
calls=21048 +47 
* 953661
* 21048
fe=(110)

fl=(111)
fn=(580)
30 6
+2 1
-2 3
+2 1
cfi=(113)
cfn=(516)
calls=1 +18 
* 10
+1 4
+3 2
-2 2
cfi=(113)
cfn=(522)
calls=1 +44 
* 46
* 42096
cfi=(113)
cfn=(522)
calls=21048 +44 
* 968208
+1 21049
-1 21049
+1 21049
+1 42098
cfi=(114)
cfn=(524)
calls=21049 -5 
* 4985065
-3 63147
+8 2
cfi=(113)
cfn=(582)
calls=1 +4 
* 247
+1 2
cfi=(113)
cfn=(582)
calls=1 +3 
* 247
+3 9

fn=(422)
16 1
+2 4
cfi=(112)
cfn=(424)
calls=1 -10 
* 1196
+3 1
-3 1
+3 1
cfi=(113)
cfn=(430)
calls=1 +5 
* 1474
+1 1
-1 1
+1 1
cfi=(113)
cfn=(430)
calls=1 +4 
* 559
+2 1
-2 1
+5 3

fl=(88)
fn=(618) 0x0000000000400af0
0 5
cfn=(622) 0x0000000000400a80
calls=1 0 
0 7
0 3

fn=(340) 0x0000000000400b20
0 16

fn=(326) _start
0 11
cob=(3)
cfi=(89)
cfn=(328)
calls=1 137 
0 7579032013

fn=(622)
0 7

fn=(334)
0 15
cob=(2)
cfi=(18)
cfn=(336) 0x0000000000400878
calls=1 0 
0 6
0 8
cfn=(340)
calls=1 0 
0 16
0 11

ob=(4) /usr/lib/valgrind/vgpreload_core-amd64-linux.so
fl=(79) ???
fn=(630) 0x0000000000000600
0 8
cob=(2)
cfi=(18)
cfn=(636) 0x0000000004a2a560
calls=1 0 
0 75
0 1
cfn=(644) 0x0000000000000570
calls=1 0 
0 8
0 3

fn=(296) 0x0000000000000640
0 17

fn=(644)
0 8

ob=(1)
fl=(20) /build/glibc-OTsEL5/glibc-2.27/string/../sysdeps/x86_64/multiarch/memmove-vec-unaligned-erms.S
fn=(48) memcpy
129 17
+2 17
+1 17
+1 8
+1 8
+5 5
+1 5
+1 5
+1 5
+5 5
267 9
+1 9
+1 1
+1 1
+1 1
+1 1
+1 1
+1 1
+1 1
+2 1
+22 8
+1 8
+1 8
+1 8
+1 8
+24 3
+1 3
+1 3
+1 3
+22 3
+1 3
+1 3
+1 3
+1 3
+1 3
+1 3
+1 3
+2 3

fn=(74) mempcpy
116 26
+1 26
+1 26
+13 26
+1 26
+1 4
+1 4
+5 3
+1 3
+1 3
+1 3
+5 3
267 22
+1 22
+1 8
+1 8
+1 3
+1 3
+1 1
+4 1
+22 14
+1 14
+1 14
+1 14
+1 14
+3 5
+1 5
+1 5
+1 5
+1 5
+3 2
+1 2
+1 2
+1 2
+1 2
+10 1
+1 1
+1 1
+1 1
+22 1
+1 1
+1 1
+1 1
+1 1
+1 1
+1 1
+1 1
+2 1

fl=(23) /build/glibc-OTsEL5/glibc-2.27/posix/../sysdeps/unix/syscall-template.S
fn=(64) uname
78 4
+1 1

fl=(34) /build/glibc-OTsEL5/glibc-2.27/elf/dl-error-skeleton.c
fn=(104) _dl_catch_error
213 6
+2 2
-2 1
+2 2
cfn=(108) _dl_catch_exception
calls=1 -40 
* 2178
* 1
+1 2
+1 1
+1 1
-1 1
+1 1
+2 5

fn=(166) _dl_receive_error
226 3
+1 1
+1 1
+3 1
+1 1
+2 2
cfi=(2)
cfn=(168) version_check_doit
calls=1 621 
* 3240
+2 1
+1 1
+1 4

fn=(108)
175 6
+15 3
-3 6
+4 3
-3 3
-13 3
+19 3
-3 3
+3 3
-19 3
+13 3
+2 3
+4 3
cfi=(35) /build/glibc-OTsEL5/glibc-2.27/setjmp/../sysdeps/x86_64/setjmp.S
cfn=(110) __sigsetjmp
calls=3 26 
* 60
* 9
+2 9
cfi=(48) /build/glibc-OTsEL5/glibc-2.27/elf/dl-deps.c
cfn=(148) openaux
calls=2 60 
* 5355
cfi=(2)
cfn=(112) map_doit
calls=1 588 
* 2127
+2 3
-1 3
+1 6
-1 3
+1 3
+9 12

fl=(41) /build/glibc-OTsEL5/glibc-2.27/io/../sysdeps/unix/sysv/linux/wordsize-64/fxstat.c
fn=(130) _fxstat
34 3
-1 3
+1 3
+1 18
+4 3

fl=(12) /build/glibc-OTsEL5/glibc-2.27/elf/../sysdeps/unix/sysv/linux/x86_64/brk.c
fn=(22) brk
31 7
+8 1
-6 2
+7 1

fl=(52) /build/glibc-OTsEL5/glibc-2.27/elf/dl-sort-maps.c
fn=(164) _dl_sort_maps
28 16
+2 2
-2 2
+2 2
+92 10
-88 10
+1 4
-1 2
-1 2
+1 8
+1 2
cfi=(28) /build/glibc-OTsEL5/glibc-2.27/string/../sysdeps/x86_64/multiarch/memset-vec-unaligned-erms.S
cfn=(76) memset
calls=2 +74 
* 30
* 32
+4 4
+3 2
-3 4
+1 6
+2 2
-7 4
+4 8
+3 4
-3 8
+1 12
+2 4
+12 36
+2 12
+1 8
-1 6
+1 6
+2 18
+1 12
+58 24
cfi=(28)
cfn=(76)
calls=4 -9 
* 64
* 16
-28 24
-36 12
+61 28
-25 9
-44 12
+69 2
+7 16

fl=(31) /build/glibc-OTsEL5/glibc-2.27/elf/dl-debug.c
fn=(92) _dl_debug_initialize
49 8
+5 6
+5 2
-1 1
+1 2
+1 2
-1 1
+5 1
-14 4
+4 8
+4 1
-1 1
+1 4

fn=(96) _dl_debug_state
74 2

fl=(24) /build/glibc-OTsEL5/glibc-2.27/elf/dl-load.c
fn=(150) open_path
1932 8
+1 1
+6 1
-6 1
+6 1
+5 11
-7 1
-1 1
+8 7
+3 3
+9 4
+7 3
+1 1
-13 3
+12 1
cfi=(20)
cfn=(74)
calls=1 116 
* 12
* 1
+55 2
-22 6
-32 2
+32 24
-32 16
+3 16
+4 48
cfi=(20)
cfn=(74)
calls=8 116 
* 101
* 32
cfi=(20)
cfn=(74)
calls=8 116 
* 96
+3 16
+3 24
+3 72
cfn=(118) open_verify.constprop.7
calls=8 1598 
* 440
* 8
+2 40
+2 16
+89 9
-24 7
+7 1
-2 1
+2 3
+3 3
-13 2
-57 16
+1 64
+6 16
+2 16
-2 16
+2 16
cfi=(49) /build/glibc-OTsEL5/glibc-2.27/io/../sysdeps/unix/sysv/linux/wordsize-64/xstat.c
cfn=(152) _xstat
calls=8 34 
* 101
* 8
+3 8
-3 8
+1 1
+2 1
-2 1
+2 7
-37 2
+37 7
-37 14

fn=(118)
1598 110
+39 10
-39 30
+39 38
+31 40
cfi=(37) /build/glibc-OTsEL5/glibc-2.27/io/../sysdeps/unix/sysv/linux/wordsize-64/lxstat.c
cfn=(120) open
calls=10 39 
* 184
+2 10
-2 10
+2 12
+10 2
+1 4
+5 12
cfi=(39) /build/glibc-OTsEL5/glibc-2.27/io/../sysdeps/unix/sysv/linux/read.c
cfn=(124) read
calls=2 27 
* 10
+2 4
+2 2
+2 2
-2 2
+2 2
+6 4
+16 32
+74 4
+5 4
+2 8
+6 4
+11 4
+6 2
+1 2
+1 2
-2 6
+1 6
+21 82
+2 38
+13 6
+3 8
+1 2
+12 12
-3 18
+15 2
+3 1
+1 3
+1 1
-1 1
-1 1
+3 3
+1 3
1650 8
1918 90
1714 2
1871 12
+3 2
-4 2
+4 4
+5 1
+1 2
-55 2

fn=(114) _dl_map_object
2080 21
+8 3
-8 6
+8 3
+1 12
+3 42
+5 49
+2 21
cfi=(36) /build/glibc-OTsEL5/glibc-2.27/elf/dl-misc.c
cfn=(116) _dl_name_match_p
calls=7 282 
* 892
* 14
+4 12
+1 18
+3 2
+1 2
+1 2
-1 2
+1 2
cfi=(21) /build/glibc-OTsEL5/glibc-2.27/string/../sysdeps/x86_64/strcmp.S
cfn=(56) strcmp
calls=2 144 
* 59
* 4
2391 27
2125 6
+10 6
-53 2
+89 4
-2 2
+2 2
cfi=(29) /build/glibc-OTsEL5/glibc-2.27/string/../sysdeps/x86_64/multiarch/../strchr.S
cfn=(84) index
calls=2 24 
* 46
* 4
2322 5
cfn=(82) expand_dynamic_string_token
calls=1 320 
* 154
* 1
-2 1
+3 5
+4 9
cfn=(118)
calls=1 1598 
* 208
+3 2
-3 1
+3 3
+12 3
+46 1
+1 3
-1 1
+1 9
cfn=(126) _dl_map_object_from_fd
calls=1 808 
* 1347
-1 1
+1 3
-1 1
+1 9
cfn=(126)
calls=1 808 
* 1694
* 6
2171 1
+4 2
cfi=(13) /build/glibc-OTsEL5/glibc-2.27/string/../sysdeps/x86_64/multiarch/../strlen.S
cfn=(28) strlen
calls=1 79 
* 16
* 1
+2 1
-2 1
+2 1
+7 4
+36 12
cfn=(150)
calls=1 1932 
* 1347
+6 2
-6 1
+6 3
601 3
2314 2
+28 4
+2 2
-95 1
-14 1
+14 1
+2 3
+4 2
cfi=(50) /build/glibc-OTsEL5/glibc-2.27/elf/dl-cache.c
cfn=(154) _dl_load_cache_lookup
calls=1 187 
* 1006
+2 1
-2 1
+2 1
+4 2
+8 3
+23 10
cfn=(118)
calls=1 1598 
* 220
+4 2
-4 1
+4 3
+1 2
-88 7
601 3
2219 2
+1 2
-32 1
+1 2
-1 3
+8 7
-3 3
601 3
+9 3
2208 3

fn=(126)
808 22
+10 2
-10 2
+10 2
-10 6
+10 2
cfi=(31)
cfn=(92)
calls=2 49 
* 16
fi=(40) /build/glibc-OTsEL5/glibc-2.27/elf/../sysdeps/posix/dl-fileid.h
37 6
fe=(24)
818 2
fi=(40)
37 2
cfi=(41)
cfn=(130)
calls=2 -3 
* 20
* 4
+4 2
fe=(24)
834 2
fi=(40)
40 2
+1 2
fe=(24)
834 27
+1 10
fi=(40)
49 13
fe=(24)
1346 18
852 4
+24 8
+10 4
+22 8
+32 4
819 2
943 14
cfi=(17) /build/glibc-OTsEL5/glibc-2.27/elf/dl-object.c
cfn=(38) _dl_new_object
calls=2 59 
* 758
+1 2
-1 2
+1 2
+11 4
+5 2
-5 2
+1 2
+5 2
-5 2
+1 2
+2 2
-2 2
+2 4
+1 6
+20 2
-2 2
+10 2
-8 12
+8 2
-8 6
+8 2
+97 2
982 2
-6 2
1085 2
981 2
-5 4
1085 6
-96 32
-1 102
+1 95
+6 4
+5 4
+1 8
+11 20
+5 32
+9 12
-1 12
+1 4
+1 8
+2 4
-2 4
+1 4
-1 4
+3 4
+4 4
-7 4
+3 4
-1 4
+5 4
+1 8
+5 4
-1 2
-14 2
+14 2
+1 12
+10 2
-10 4
-1 2
-14 2
+14 2
+1 12
+10 2
-44 2
+1 1
+46 3
+4 1
+1 1
+2 1
-1 1
-1 2
+1 1
+3 3
+1 1
+3 1
-3 1
+7 4
+6 1
cfi=(32) /build/glibc-OTsEL5/glibc-2.27/elf/../elf/dl-tls.c
cfn=(162) _dl_next_tls_modid
calls=1 51 
* 6
* 2
+1 1
+19 4
+1 4
+1 2
-6 4
+1 2
+8 8
956 2
1110 2
956 2
1110 2
+10 6
fi=(43) /build/glibc-OTsEL5/glibc-2.27/elf/./dl-map-segments.h
50 2
+6 2
fe=(24)
1120 8
fi=(43)
56 6
fe=(24)
1120 2
fi=(43)
50 2
fe=(24)
1120 4
fi=(43)
56 4
cfi=(42) /build/glibc-OTsEL5/glibc-2.27/misc/../sysdeps/unix/sysv/linux/mmap64.c
cfn=(132) mmap
calls=2 -12 
* 74
+4 2
-4 2
+4 4
+3 4
+1 2
+2 2
-2 2
-1 2
+3 2
+14 4
fi=(45) /build/glibc-OTsEL5/glibc-2.27/elf/./dl-load.h
+10 8
+1 6
+2 8
fi=(43)
+11 16
+45 4
-59 20
+2 12
+2 16
cfi=(42)
cfn=(132)
calls=2 -50 
* 66
* 4
+16 2
+2 2
-2 2
+1 2
+2 2
-1 2
+1 2
-1 6
+8 4
+3 4
+8 14
cfi=(28)
cfn=(76)
calls=2 -22 
* 249
* 4
+6 4
+4 8
cfi=(42)
cfn=(132)
calls=1 -97 
* 33
+3 2
-71 20
cfi=(44) /build/glibc-OTsEL5/glibc-2.27/misc/../sysdeps/unix/syscall-template.S
cfn=(136) mprotect
calls=2 +5 
* 10
* 4
fi=(45)
+21 5
+2 1
-1 3
+1 1
-1 1
+1 2
-1 2
+3 4
fe=(24)
1132 8
+9 4
fi=(3) /build/glibc-OTsEL5/glibc-2.27/elf/get-dynamic-info.h
42 2
fe=(24)
1141 2
fi=(3)
42 2
+6 2
-2 2
+2 4
+15 2
+5 2
+3 2
-1 2
-3 2
-3 36
+10 8
-26 24
+16 35
+10 35
-26 105
+26 2
-26 6
+2 90
+13 40
+2 8
+16 4
+20 7
+1 8
+1 8
+1 8
+2 8
+5 8
+1 7
+1 8
+6 6
+5 4
+7 4
+1 6
+18 6
+5 1
+2 1
-2 1
+2 1
+2 2
+2 2
+3 6
+10 1
-8 4
+8 1
+5 2
+3 4
fe=(24)
1148 4
+15 6
+19 4
+2 10
+54 6
+1 2
+3 2
cfi=(46) /build/glibc-OTsEL5/glibc-2.27/io/../sysdeps/unix/sysv/linux/close.c
cfn=(142) close
calls=1 27 
* 5
* 2
cfi=(46)
cfn=(142)
calls=1 27 
* 5
* 4
+9 4
+2 6
+2 2
-2 2
+2 2
+16 4
cfi=(6) /build/glibc-OTsEL5/glibc-2.27/elf/dl-lookup.c
cfn=(10) _dl_setup_hash
calls=2 939 
* 46
+4 4
+1 4
+17 4
+1 1
+8 1
-5 3
+5 2
-5 3
+5 1
+10 4
+10 6
cfi=(17)
cfn=(50) _dl_add_to_namespace_list
calls=2 31 
* 82
+4 6
fi=(3)
68 8
+3 8
+1 2
+1 8
fe=(24)
369 2

fn=(66) _dl_init_paths
623 1
+13 2
-13 8
+13 3
cfi=(25) /build/glibc-OTsEL5/glibc-2.27/elf/dl-hwcaps.c
cfn=(68) _dl_important_hwcaps
calls=1 42 
* 711
+5 1
-5 1
+5 1
cfi=(19) /build/glibc-OTsEL5/glibc-2.27/elf/dl-minimal.c
cfn=(46) malloc
calls=1 50 
* 18
* 1
+1 1
-2 1
+2 2
+8 1
-1 1
+1 4
-1 3
+4 4
cfi=(19)
cfn=(46)
calls=1 50 
* 18
* 1
+2 1
-2 2
+2 1
+7 1
+10 1
-11 1
+12 1
+3 1
+1 1
-5 1
+3 1
+1 1
-1 1
+9 1
-20 1
+17 1
+3 1
-3 17
cfi=(28)
cfn=(76)
calls=4 109 
* 48
+3 27
-12 3
-2 3
+10 3
-7 3
-1 3
+4 3
-1 3
+1 3
+1 3
+3 3
+1 3
-4 3
+4 3
+14 1
-11 1
+6 1
+1 1
+5 2
+2 4
+2 3
+38 5
-19 1
-2 2
+2 2
+21 3
cfi=(13)
cfn=(28)
calls=1 79 
* 16
* 8
cfi=(20)
cfn=(48)
calls=1 129 
* 10
* 1
+5 4
-1 2
+2 56
-1 57
+5 1
cfi=(19)
cfn=(46)
calls=1 50 
* 18
* 1
+1 1
-2 1
+2 1
+6 7
cfn=(78) fillin_rpath
calls=1 389 
* 584
+3 3
+6 1
+4 8
-37 2

fn=(78)
389 7
+2 1
-2 9
+4 3
cfi=(19)
cfn=(80) strsep
calls=1 265 
* 238
* 3
cfi=(19)
cfn=(80)
calls=1 265 
* 6
* 6
+7 2
+2 3
cfn=(82)
calls=1 -82 
* 104
+4 1
-4 1
+4 1
+5 2
cfi=(13)
cfn=(28)
calls=1 79 
* 16
+1 2
+7 6
+9 17
+1 8
+57 2
cob=(2)
cfi=(18)
cfn=(88) 0x0000000004000f00
calls=1 0 
* 5
* 1
-39 2
+4 7
-1 1
cfi=(19)
cfn=(46)
calls=1 50 
* 18
* 1
+3 3
+5 1
+1 2
-2 2
+2 1
cfi=(20)
cfn=(74)
calls=1 116 
* 12
+3 1
-2 1
-1 1
+1 1
+2 1
+6 4
+1 17
+1 1
-1 3
+1 1
-1 14
+1 8
-1 1
+1 1
-1 3
+1 1
-1 2
+4 1
-1 1
+1 1
-1 1
+1 1
+8 1
-1 1
+4 3
-37 2
-28 1
+5 4
+66 1
+3 9
-15 2

fn=(82)
320 12
+10 4
-10 2
+10 2
cfi=(29)
cfn=(84)
calls=2 24 
* 70
* 4
+15 2
-11 2
+11 8
-11 2
cfi=(30) /build/glibc-OTsEL5/glibc-2.27/string/strdup.c
cfn=(86) strdup
calls=2 40 
* 150

fl=(15) /build/glibc-OTsEL5/glibc-2.27/elf/dl-environ.c
fn=(34) _dl_next_ld_env_entry
29 3
+3 10
+13 24
-13 72
+2 52
+1 12
+5 2
-3 2
+3 2
+2 2
+7 1

fl=(16) /build/glibc-OTsEL5/glibc-2.27/string/../sysdeps/x86_64/memcmp.S
fn=(36) bcmp
24 2
+1 2
+1 2
+1 2
+1 2
+1 2
+1 2
+1 2
+3 2
+1 2
+1 1
+1 1
+1 1
+1 1
+1 1
+1 1
+1 1
+2 2
+1 2
+1 1
+1 1
+1 1
+1 1
+1 1
+1 1
+1 1
+2 2
+1 2
+1 2
+1 2
+1 2
+1 2
+1 1
+1 1
+1 1
+2 1
+1 1
+1 1
+1 1
+1 1
+1 1
+29 2
+1 2
+15 2
+1 2

fl=(37)
fn=(120)
39 11
fi=(38) /build/glibc-OTsEL5/glibc-2.27/io/../sysdeps/unix/sysv/linux/open64.c
-3 11
+3 66
+8 77
+2 3
-2 24
+2 8
fe=(37)

fl=(1) ???
fn=(0) 0x0000000000001090
0 2
cfi=(2)
cfn=(2) _dl_start
calls=1 444 
0 105511
0 14
cfi=(78) /build/glibc-OTsEL5/glibc-2.27/elf/dl-init.c
cfn=(290) _dl_init
calls=1 79 
0 2173
0 3
cob=(5)
cfi=(88)
cfn=(326)
calls=1 0 
0 7579032024

fl=(39)
fn=(124)
27 8
+1 2

fl=(9)
fn=(26)
373 102
+4 17
-4 66
+9 3
+1 3
-6 14
+22 85
+2 17

fn=(16) __GI___tunables_init
289 8
-9 3
150 4
-82 83
+6 26
-3 26
+3 1817
+4 52
+5 26
297 26
83 26
297 26
fi=(10) /build/glibc-OTsEL5/glibc-2.27/elf/dl-tunables.h
121 52
-1 15
+1 6
-1 8
+1 32
-1 40
fe=(9)
330 104
-12 2860
fi=(10)
120 936
+1 1044
-1 144
fe=(9)
312 2314
68 52
364 8

fl=(30)
fn=(86)
40 12
+1 3
cfi=(13)
cfn=(28)
calls=3 +38 
* 82
* 3
+1 6
cfi=(19)
cfn=(46)
calls=3 +8 
* 54
* 3
+2 6
+4 3
-1 6
+1 6
-1 6
cfi=(20)
cfn=(48)
calls=3 +82 
* 38

fl=(17)
fn=(38)
59 36
+1 3
-1 3
+1 6
cfi=(13)
cfn=(28)
calls=3 +19 
* 66
+6 3
-6 6
+6 3
+7 3
-7 3
-6 3
+6 9
+2 6
+5 9
cfi=(19)
cfn=(42) calloc
calls=3 +19 
* 147
* 3
+3 3
-3 3
+3 3
+4 3
+5 3
-6 3
+6 3
-5 3
+5 3
-5 3
+4 3
+1 6
-1 3
+1 3
cfi=(20)
cfn=(48)
calls=3 +44 
* 41
+10 3
-10 3
+10 3
-10 3
+10 3
-8 3
+8 6
+1 3
-1 3
+1 9
+3 3
-3 3
+3 3
+9 3
-7 3
+4 3
+3 8
+2 2
-2 2
+2 30
-2 30
+18 6
-6 3
+1 3
+5 3
-6 3
+6 9
+2 2
+3 2
-3 4
+3 2
+4 6
+4 5
+8 1
+3 1
+3 2
-3 1
+3 1
-3 2
+3 4
-3 2
+3 2
+2 2
+21 2
-21 2
cfi=(13)
cfn=(28)
calls=2 -76 
* 68
+4 2
-4 4
+17 2
-13 6
+64 2
+4 27
100 8
+39 6
+70 6
cfi=(20)
cfn=(74)
calls=2 -93 
* 32
* 42
+6 40
-1 40
+1 42
-1 2
+1 6
+5 4
-96 1
+7 4
+32 4
cfi=(19)
cfn=(46)
calls=2 50 
* 36
* 2
+1 2
-1 4
+1 2

fn=(50)
31 6
+2 3
-2 9
+2 6
cfi=(2)
cfn=(52)
calls=3 784 
* 6
+2 22
+3 15
+2 2
+2 2
+4 2
+4 2
-4 4
+1 2
+4 4
-4 2
+1 2
+3 2
-3 2
+2 2
cfi=(2)
cfn=(54)
calls=2 790 
* 4
-4 1
+4 1
-4 2
+1 1
+4 2
-4 1
+1 1
+3 1
-3 1
+2 1
cfi=(2)
cfn=(54)
calls=1 790 
* 2
-5 2

fl=(54) /build/glibc-OTsEL5/glibc-2.27/elf/dl-reloc.c
fn=(180) _dl_relocate_object
148 40
+15 4
-15 8
+15 4
+1 20
+6 12
+6 16
+1 8
-19 8
+22 8
+7 4
-32 4
+32 4
+44 4
fi=(5) /build/glibc-OTsEL5/glibc-2.27/elf/../sysdeps/x86_64/dl-machine.h
76 4
fe=(54)
231 8
fi=(5)
76 12
fe=(54)
258 151
-99 3
fi=(5)
481 9
fe=(54)
159 6
+99 3
fi=(4) /build/glibc-OTsEL5/glibc-2.27/elf/do-rel.h
48 3
fe=(54)
258 3
fi=(4)
47 3
+11 3
-11 3
+11 3
-11 3
+11 3
fe=(54)
258 1
-99 1
fi=(5)
481 3
fe=(54)
159 2
+99 1
fi=(4)
48 1
fe=(54)
258 1
fi=(4)
47 1
+11 1
-11 1
+11 1
-11 1
+11 1
fe=(54)
258 4
fi=(4)
48 4
fe=(54)
258 4
fi=(4)
47 4
+11 4
-11 4
+11 4
-11 4
+11 4
+26 5
+14 10
-15 10
+3 20
+12 5
+10 8
+10 15
+6 4
-3 8
+3 4
fi=(5)
491 3
fi=(4)
51 3
fi=(5)
491 3
fi=(4)
50 6
+77 412
+12 206
-3 309
fi=(5)
276 103
fi=(4)
139 103
-2 103
-1 103
+1 103
+1 103
-1 206
fi=(5)
276 103
+21 206
+4 206
+7 412
fi=(55) /build/glibc-OTsEL5/glibc-2.27/elf/../sysdeps/generic/ldsodefs.h
102 258
fi=(5)
308 1666
fi=(4)
138 80
fi=(5)
308 160
fi=(4)
138 80
fi=(5)
308 80
fi=(4)
138 80
fi=(5)
308 160
fi=(4)
138 3
fi=(5)
308 6
fi=(4)
138 3
fi=(5)
308 3
fi=(4)
138 3
fi=(5)
308 1002
cfi=(6)
cfn=(188) _dl_lookup_symbol_x
calls=83 790 
* 46360
* 498
+2 258
+25 618
fi=(4)
74 6
+1 7
+1 78
fi=(5)
551 39
+24 78
+2 39
cob=(3)
cfi=(77)
cfn=(274)
calls=1 42 
* 77
cob=(3)
cfi=(58)
cfn=(270)
calls=1 32 
* 6
cob=(3)
cfi=(60)
cfn=(268)
calls=1 32 
* 8
cob=(3)
cfi=(57)
cfn=(266)
calls=1 33 
* 9
cob=(3)
cfi=(57)
cfn=(264)
calls=1 33 
* 9
cob=(3)
cfi=(70)
cfn=(262)
calls=1 30 
* 6
cob=(3)
cfi=(64)
cfn=(260)
calls=1 32 
* 8
cob=(3)
cfi=(60)
cfn=(258)
calls=1 32 
* 8
cob=(3)
cfi=(58)
cfn=(254)
calls=1 32 
* 6
cob=(3)
cfi=(60)
cfn=(252)
calls=1 32 
* 8
cob=(3)
cfi=(60)
cfn=(250)
calls=1 32 
* 8
cob=(3)
cfi=(74)
cfn=(248)
calls=1 40 
* 8
cob=(3)
cfi=(70)
cfn=(246)
calls=1 30 
* 6
cob=(3)
cfi=(73)
cfn=(244)
calls=2 32 
* 26
cob=(3)
cfi=(72)
cfn=(242)
calls=1 40 
* 7
cob=(3)
cfi=(56)
cfn=(240)
calls=1 44 
* 16
cob=(3)
cfi=(57)
cfn=(238)
calls=1 33 
* 9
cob=(3)
cfi=(58)
cfn=(234)
calls=1 32 
* 6
cob=(3)
cfi=(70)
cfn=(232)
calls=1 30 
* 6
cob=(3)
cfi=(60)
cfn=(230)
calls=2 32 
* 16
cob=(3)
cfi=(64)
cfn=(228)
calls=2 32 
* 16
cob=(3)
cfi=(69)
cfn=(226)
calls=1 42 
* 18
cob=(3)
cfi=(68)
cfn=(224)
calls=1 38 
* 9
cob=(3)
cfi=(67)
cfn=(222)
calls=1 38 
* 8
cob=(3)
cfi=(65)
cfn=(218)
calls=1 33 
* 13
cob=(3)
cfi=(56)
cfn=(216)
calls=1 44 
* 16
cob=(3)
cfi=(64)
cfn=(214)
calls=2 32 
* 16
cob=(3)
cfi=(60)
cfn=(212)
calls=1 32 
* 8
cob=(3)
cfi=(61)
cfn=(206)
calls=1 43 
* 77
cob=(3)
cfi=(60)
cfn=(204)
calls=1 32 
* 8
cob=(3)
cfi=(57)
cfn=(202)
calls=1 33 
* 9
cob=(3)
cfi=(58)
cfn=(198)
calls=1 32 
* 6
cob=(3)
cfi=(57)
cfn=(196)
calls=1 33 
* 9
cob=(3)
cfi=(56)
cfn=(194)
calls=2 44 
* 32
-26 39
+27 39
fi=(4)
75 121
fe=(54)
258 2
fi=(4)
75 14
fe=(54)
258 14
+3 16
+24 4
+3 8
+17 12
+8 20
+3 4
-3 4
+3 4
+4 8
+1 12
cfi=(44)
cfn=(136)
calls=4 78 
* 20
* 8
-14 32
fi=(5)
131 9
458 332
fi=(4)
124 309
+19 15
fi=(5)
430 51
+4 68
+5 17
+9 17
-9 34
+9 34
+49 9
+4 18
cfi=(20)
cfn=(48)
calls=3 129 
* 30
+2 9
+1 3
308 34
+5 17
-3 34
+3 135
-3 168
+3 252
-5 30
fi=(4)
61 6
-10 3
-1 6
fi=(5)
551 50
+4 50
+2 75
+1 25
fi=(4)
61 192
+2 256
+2 119
+46 7
fi=(5)
541 1240
fi=(4)
111 1240
fi=(5)
541 1240
fi=(4)
111 1240
fi=(5)
541 1240
fi=(4)
111 1240
fi=(5)
535 1240
fi=(4)
112 2480
fi=(5)
535 2480
+5 2480
fi=(4)
50 1
160 1
51 1
160 4
+2 20
+9 10
-1 5
+1 5
-1 10
fi=(5)
276 5
fi=(4)
170 15
fi=(5)
276 5
+21 10
+4 10
+7 20
fi=(55)
102 15
fi=(5)
308 170
cfi=(6)
cfn=(188)
calls=5 790 
* 2413
* 35
+2 15
+25 30
fe=(54)
-77 5
fi=(5)
82 6
+4 9
+14 3
-8 3
+8 6
+20 6
+4 12
-2 6
458 20
fi=(4)
160 17
+14 2
fi=(5)
313 1
-3 2
+3 3
-5 93
fe=(54)

fl=(50)
fn=(284) _dl_unload_cache
326 4
-1 1
+3 2
cfi=(44)
cfn=(286) munmap
calls=1 78 
* 5
+1 1
+2 2

fn=(160) _dl_cache_libcmp
141 12
+1 14
+2 124
+20 60
+2 110
+4 25
+1 25
-29 50
+32 3
-28 2
+6 1
+2 1
-1 1
-1 2
+1 1
-1 1
+2 3
+2 3
-3 1
+3 1
+2 2
+9 15

fn=(154)
187 9
+8 2
+3 3
+45 1
+6 2
+11 1
-2 1
fi=(51) /build/glibc-OTsEL5/glibc-2.27/elf/../sysdeps/x86/dl-procinfo.h
39 1
fe=(50)
258 2
fi=(51)
39 3
+3 3
cfi=(21)
cfn=(56)
calls=1 144 
* 24
* 2
fe=(50)
264 4
cfi=(9)
cfn=(26)
calls=1 373 
* 18
* 1
fi=(26) /build/glibc-OTsEL5/glibc-2.27/elf/../sysdeps/unix/sysv/linux/not-errno.h
28 2
fe=(50)
264 1
fi=(26)
28 2
fe=(50)
266 2
fi=(26)
32 3
fe=(50)
270 2
+15 1
-15 1
+15 80
cfn=(160)
calls=5 141 
* 386
* 40
cfn=(160)
calls=1 141 
* 71
* 7
-84 4
cfi=(36)
cfn=(156) _dl_sysdep_read_whole_file
calls=1 44 
* 107
+8 1
-8 1
+8 4
+1 7
+7 1
-3 1
+3 3
+3 1
+1 2
-1 1
+1 1
+1 8
+63 3
+16 2
+4 2
+8 3
cfi=(13)
cfn=(28)
calls=1 79 
* 34
* 2
+1 1
-1 4
+1 2
cfi=(20)
cfn=(48)
calls=1 129 
* 10
+1 2
cfi=(30)
cfn=(86)
calls=1 40 
* 78
+1 8
-19 2
-27 4
+1 3
-1 7
+15 16
fi=(51)
42 3
fe=(50)
297 3

fl=(2)
fn=(54)
790 5
+1 5

fn=(98) handle_ld_preload
837 8
+1 1
-1 1
-75 1
+86 1
-86 4
+80 2
+3 3
cfi=(33) /build/glibc-OTsEL5/glibc-2.27/string/../sysdeps/x86_64/strcspn.S
cfn=(100) strcspn
calls=1 30 
* 218
* 1
+1 3
+9 1
121 1
857 2
121 2
859 2
-97 5
-10 1
+4 1
+1 1
+1 1
+2 1
+2 1
cfi=(34)
cfn=(104)
calls=1 213 
* 2201
* 1
+1 3
+8 4
+71 2
+21 9
-15 4
cfi=(20)
cfn=(48)
calls=1 129 
* 18
+1 2

fn=(2)
444 9
+19 4
fi=(3)
48 1
fe=(2)
463 1
fi=(5)
59 3
fi=(3)
-11 1
fe=(2)
489 1
-3 1
fi=(3)
48 1
+25 2
-3 1
-7 1
+5 1
+3 1
+2 1
-6 1
+3 1
-3 2
-3 16
+10 4
-26 12
+16 13
+10 13
-26 39
+26 1
-26 3
+2 36
+13 20
+2 4
+16 2
+20 4
+1 4
+1 4
+1 4
+2 4
+5 4
+1 4
+1 4
+6 3
+5 2
+7 3
+1 3
+8 3
+3 3
+4 2
+1 2
fe=(2)
500 2
393 1
507 1
393 1
cfi=(6)
cfn=(10)
calls=1 939 
* 23
+1 2
+1 2
+1 2
+1 2
+8 1
+9 1
-9 3
+9 1
-6 1
-3 1
+9 1
cfi=(7) /build/glibc-OTsEL5/glibc-2.27/elf/../elf/dl-sysdep.c
cfn=(12) _dl_sysdep_start
calls=1 88 
* 104479
* 1
+9 4
+3 1
+4 1
-4 1
+4 1
532 9
-27 27
fi=(4)
84 1
+27 1
-28 1
+28 2
+1 2
fi=(5)
540 2
fi=(4)
112 76
fi=(5)
540 76
+1 39
fi=(4)
111 39
fi=(5)
541 39
fi=(4)
111 39
fi=(5)
541 39
fi=(4)
111 39
+5 2
+8 1
fi=(5)
335 1
+87 1
fi=(4)
124 2
+12 1
+3 1
-3 1
+3 1
-3 1
fi=(5)
301 1
fi=(4)
137 1
fi=(5)
301 1
fi=(4)
137 1
fi=(5)
301 1
fi=(4)
136 8
+3 8
-3 8
+3 8
-3 8
fi=(5)
301 8
fi=(4)
137 8
fi=(5)
301 8
fi=(4)
137 8
fi=(5)
301 8
+9 27
+3 9
-3 18
+3 27
+22 54
fi=(3)
68 4
fi=(4)
+56 28
fi=(5)
354 27
fi=(3)
71 4
+1 1
+1 2
fe=(2)

fn=(168)
621 2
+2 4
cfi=(53) /build/glibc-OTsEL5/glibc-2.27/elf/dl-version.c
cfn=(170) _dl_check_all_versions
calls=1 362 
* 3230
* 2
+4 2

fn=(32) dl_main
870 1
+17 1
-17 10
+17 1
+4 1
-21 1
2471 1
891 1
+1 1
2466 1
892 1
+5 1
2471 1
897 1
2464 2
+7 3
-4 1
+4 3
+2 2
cfi=(15)
cfn=(34)
calls=1 29 
* 38
* 4
cfi=(15)
cfn=(34)
calls=2 29 
* 144
* 9
+4 6
-2 2
+2 42
+1 19
-1 57
+3 4
+6 14
+76 3
+1 4
cfi=(16)
cfn=(36)
calls=1 24 
* 31
* 2
-56 2
+7 4
cfi=(16)
cfn=(36)
calls=1 24 
* 36
* 2
+2 3
2635 3
+32 3
907 3
1108 7
cfi=(17)
cfn=(38)
calls=1 59 
* 230
+2 1
-2 1
+2 1
+1 1
+1 1
+5 2
-5 1
+1 2
+4 1
cfi=(17)
cfn=(50)
calls=1 31 
* 33
+1 2
879 1
1147 1
-3 1
-5 1
+1 1
+2 1
+5 5
+56 2
876 1
1166 1
+22 1
+15 2
-55 24
-1 27
+1 47
1250 3
+3 2
+2 2
+2 3
+13 3
+3 2
-2 1
+2 1
-2 3
cfi=(21)
cfn=(56)
calls=1 144 
* 50
* 2
+7 1
+3 1
-5 1
+3 1
-3 1
+5 1
+1 2
+4 2
+2 2
fi=(3)
33 1
+9 2
+6 1
-2 1
+2 2
+15 1
+5 1
+3 1
+2 1
-3 1
-3 1
-3 1
-14 46
+13 16
+1 12
+10 3
-26 9
+16 19
+10 19
-26 57
+26 1
-26 3
+33 3
+38 3
+5 2
+7 2
+1 3
+18 3
+14 3
+18 2
fe=(2)
1293 2
cfi=(6)
cfn=(10)
calls=1 939 
* 23
+3 2
fi=(22) /build/glibc-OTsEL5/glibc-2.27/elf/setup-vdso.h
24 2
fe=(2)
1318 1
cfi=(11) /build/glibc-OTsEL5/glibc-2.27/elf/../sysdeps/unix/sysv/linux/dl-sysdep.c
cfn=(62) _dl_discover_osversion
calls=1 45 
* 87
* 9
-6 5
1167 2
+9 1
-7 1
-3 1
+10 1
+18 2
-37 3
+1 1
-6 3
+1 1
fi=(3)
65 4
+3 4
fe=(2)
1203 2
-1 2
+1 4
-1 2
+2 4
+1 1
+3 2
+1 2
-1 2
+1 2
+1 2
+1 6
+1 2
+31 2
+1 2
+1 1
-6 2
+1 1
fi=(3)
71 4
+1 1
+1 3
fe=(2)
1323 2
cfi=(24)
cfn=(66)
calls=1 623 
* 1740
+3 3
cfi=(31)
cfn=(92)
calls=1 49 
* 17
+7 1
-7 1
+2 1
+5 1
+3 3
+1 1
+3 1
-3 3
+1 2
+3 1
+5 1
-7 1
+7 1
+1 5
+17 2
+1 2
+5 1
-3 3
+2 1
+1 2
+5 2
+1 5
-1 2
+3 2
+1 2
+5 2
+6 4
+1 1
-2 1
885 1
1391 1
1570 1
cfi=(32)
cfn=(94) _dl_count_modids
calls=1 113 
* 4
* 1
+8 3
+3 2
+4 3
+5 2
+1 1
cfi=(31)
cfn=(96)
calls=1 74 
* 1
+1 1
+4 2
+15 3
+4 1
-2 1
+2 2
+2 3
+1 1
-1 2
+1 1
cfn=(98)
calls=1 837 
* 2506
* 1
+1 4
+2 2
+10 3
cfi=(47) /build/glibc-OTsEL5/glibc-2.27/io/../sysdeps/unix/sysv/linux/access.c
cfn=(144) access
calls=1 27 
* 8
* 2
+77 1
-96 1
+96 3
+17 3
+1 1
-1 1
+1 2
-1 1
+1 5
cfi=(48)
cfn=(146) _dl_map_object_deps
calls=1 159 
* 6793
+1 4
+5 1
-3 2
+3 2
+1 7
-1 2
+1 9
-1 6
+4 3
+1 3
+1 1
+2 2
+1 5
-1 4
+1 6
-1 6
+47 2
+2 2
-1 1
-1 2
+2 4
cfi=(34)
cfn=(166)
calls=1 226 
* 3255
+10 1
+1 1
-1 1
+1 1
+1 1
cfn=(174) init_tls
calls=1 687 
* 542
* 1
+2 2
799 1
fi=(163) /build/glibc-OTsEL5/glibc-2.27/elf/../sysdeps/unix/sysv/linux/dl-osinfo.h
64 2
fe=(2)
801 1
fi=(163)
77 1
fe=(2)
810 1
+7 1
-5 1
1808 2
2038 3
2161 3
+7 1
+2 3
+1 1
-1 2
+2 10
+2 4
-2 8
+2 4
+5 8
+2 8
+6 4
+2 8
+1 24
cfi=(54)
cfn=(180)
calls=3 148 
* 70979
+4 10
+1 2
cfi=(32)
cfn=(278) _dl_add_to_slotinfo
calls=1 887 
* 20
* 1
-12 1
+1 1
-3 2
+29 4
+2 1
+7 3
cfi=(32)
cfn=(280) _dl_allocate_tls_init
calls=1 437 
* 149
+3 2
-25 4
+2 2
+6 1
-6 1
+6 1
+26 3
+2 4
+15 1
+2 1
-2 2
+3 1
-3 1
+3 1
-3 1
+3 3
cfi=(54)
cfn=(180)
calls=1 148 
* 6191
+1 4
+2 2
+8 1
cfi=(7)
cfn=(282) _dl_sysdep_start_cleanup
calls=1 260 
* 1
+4 2
+20 3
cfi=(31)
cfn=(92)
calls=1 49 
* 8
+1 1
-1 1
+2 1
cfi=(31)
cfn=(96)
calls=1 74 
* 1
+1 1
+4 1
cfi=(50)
cfn=(284)
calls=1 326 
* 15
+5 8
2094 1
+13 1
-9 1
-4 1
+10 1
-6 1
+6 1
+3 1
1753 1
+1 1
-1 2
+1 1
+2 1
+2 3
+2 1
-4 1
+4 2
+14 4
+1 2
+1 3
-64 5
+1 1
-1 3
+4 3
+1 1
+1 2
+1 2
+32 2
2565 3

fn=(52)
784 5
+1 5

fn=(174)
687 1
-6 1
+2 2
+4 1
+10 4
cfi=(19)
cfn=(42)
calls=1 92 
* 27
* 1
+11 1
-15 1
+3 1
+6 1
+2 1
-11 1
+15 1
+2 1
-1 1
+1 15
+2 8
+4 1
+2 1
-2 1
-5 8
+9 2
+3 1
cfi=(32)
cfn=(176) _dl_determine_tlsoffset
calls=1 141 
* 66
+7 1
cfi=(32)
cfn=(178) _dl_allocate_tls_storage
calls=1 332 
* 375
+1 1
-1 1
+1 1
+6 1
+3 1
-3 1
+3 6
+3 1
+2 1
+1 3

fn=(112)
588 1
+2 1
-2 1
+3 2
-1 3
+1 3
cfi=(24)
cfn=(114)
calls=1 2080 
* 2113
* 1
+2 2

fl=(32)
fn=(278)
887 4
+9 1
-3 2
+8 7
+41 1
+1 1
+1 4

fn=(178)
332 1
+2 1
-2 2
+13 1
+1 2
cfi=(19)
cfn=(46)
calls=1 50 
* 18
* 1
+1 3
+8 2
-69 1
+69 2
+1 1
+4 297
+19 1
-94 2
+1 2
cfi=(19)
cfn=(42)
calls=1 92 
* 27
* 1
+1 2
+3 1
+6 2
+89 5

fn=(280)
437 8
+1 1
-1 1
+1 1
+4 1
+6 2
-6 1
+6 1
+12 1
-15 1
+39 1
-24 1
-16 2
+21 9
+6 15
+3 1
+1 2
+6 3
+3 1
-2 1
+6 1
-6 1
+2 1
+4 1
-4 2
+3 1
-3 1
+1 1
+2 1
+4 2
+1 4
+2 2
+1 2
+12 1
-3 1
+3 2
cfi=(20)
cfn=(74)
calls=1 116 
* 12
* 5
cfi=(28)
cfn=(76)
calls=1 109 
* 33
* 7
-42 2
+52 1
+4 3
+3 8

fn=(94)
113 2
+1 2

fn=(176)
141 1
-6 5
+6 2
+3 2
+36 3
+2 4
-2 1
-2 1
-40 1
-1 1
-1 2
+69 2
+3 2
-3 5
+2 2
+10 1
-37 2
+25 1
-25 2
+5 1
-1 1
+5 2
-4 1
-1 2
+3 2
+2 3
-9 5
+93 1
-53 1
+1 1
+52 1
-1 1
+1 4

fn=(162)
51 4
+48 1
+4 1

fl=(8) /build/glibc-OTsEL5/glibc-2.27/elf/../sysdeps/x86/cpu-features.c
fn=(24) get_common_indeces.constprop.1
34 2
+4 4
+3 3
+4 1
-4 1
+4 1
-4 1
+3 1
+1 2
+1 4
+1 4
+1 3
+1 2
+7 2
+1 7
+7 3
+4 2
+2 4
+40 2
+4 4
+1 2
+3 1
+7 1
-8 1
+4 1
+2 1
-2 1
+4 2
+3 2
+50 3
74 2
+3 3
+3 1
-3 1
+3 1
+2 3
+2 2
+7 3
-5 3

fl=(6)
fn=(10)
939 12
+4 4
+4 8
+2 4
-1 4
+3 12
+1 4
+1 4
+3 4
-3 4
+7 4
-4 4
-1 4
+3 4
+2 4
-7 4
+7 4
+1 4

fn=(190) do_lookup_x
338 693
+1 99
-1 594
+6 198
+12 99
+30 99
-41 99
+41 99
+35 198
-65 495
+14 903
+8 602
+1 903
+3 301
+1 602
+4 602
+3 602
-5 301
+5 903
+3 2107
-99 208
540 1508
+1 123
cfi=(36)
cfn=(116)
calls=41 282 
* 4271
* 164
+3 633
349 608
+3 608
+4 626
+4 602
+4 602
fi=(55)
102 279
fe=(6)
503 186
+3 704
-60 12
+64 30
+12 558
+2 93
+24 792
-1 12
397 297
-1 198
+2 198
+2 99
90 297
375 99
90 99
374 99
90 99
400 198
90 198
413 312
-10 985
+2 372
+2 186
-1 279
78 651
+12 465
+3 341
cfi=(21)
cfn=(56)
calls=31 +51 
* 1393
* 93
+5 93
-1 93
+1 93
+2 184
+19 92
+1 828
452 930
148 2
+2 5
+30 42
-59 460
cfi=(21)
cfn=(56)
calls=92 +23 
* 4498
* 460

fn=(188)
790 990
555 99
790 396
555 297
-1 198
+2 99
-1 99
+1 297
-1 297
+1 1212
-1 1212
+1 3636
-1 3735
793 99
-1 99
+4 99
+4 99
-8 99
+1 99
+7 382
+5 297
+6 297
-7 1089
+15 24
-8 36
+2 1287
cfn=(190)
calls=99 338 
* 37856
+3 483
+25 198
+24 651
+31 93
+9 372
+14 279
+3 372
+5 93
+2 903
-86 36
+17 6
+1 12
+59 2

fl=(25)
fn=(68)
42 4
+1 1
-1 8
+1 4
-1 1
+1 1
cfi=(9)
cfn=(26)
calls=1 373 
* 18
* 1
+3 3
-3 1
+12 6
+1 3
+1 1
-2 1
+2 1
-2 5
+1 3
+1 1
-2 1
+2 1
-2 5
+10 3
fi=(26)
-37 4
fe=(25)
131 4
-2 1
+17 6
+3 2
329 9
69 3
+77 1
+20 1
-19 1
+36 10
+1 3
-1 2
+1 3
fi=(27) /build/glibc-OTsEL5/glibc-2.27/elf/../sysdeps/x86/dl-hwcap.h
57 6
fe=(25)
186 1
+1 1
cfi=(13)
cfn=(28)
calls=1 79 
* 16
+1 1
-1 1
+1 3
-5 1
+5 1
-5 1
+5 2
-5 5
+8 3
+2 1
+1 6
+4 1
+4 1
-3 1
-1 1
+4 2
+3 4
+4 3
+1 1
-1 5
+1 3
+2 3
+2 2
-1 1
+1 1
-1 1
+2 2
+7 2
+6 11
+1 4
cfi=(19)
cfn=(46)
calls=1 50 
* 18
* 1
+1 1
-1 1
+1 3
+29 13
+3 4
+7 1
+10 12
-4 2
-3 1
+3 1
cfi=(20)
cfn=(74)
calls=1 116 
* 16
* 2
-3 1
+3 1
cfi=(20)
cfn=(74)
calls=1 116 
* 16
* 6
+3 7
+1 12
+1 4
cfi=(20)
cfn=(74)
calls=1 116 
* 14
-2 1
+2 2
-2 1
+5 6
cfi=(20)
cfn=(74)
calls=2 116 
* 28
+2 2
-2 4
+2 5
-7 3
+12 1
+1 2
-1 9
+1 14
-1 18
+5 10
+4 3
-4 12
+4 33
+1 12
-1 12
+1 24
-2 12
+1 24
-1 39
+4 6
+5 1
-2 1
+2 1
-1 1
-1 2
+2 1
-1 1
+1 4
+2 6
+1 2
+3 2
-6 5
+13 8
+1 1
-1 2
+3 2
-3 3
+1 3
-1 6
+3 6
+3 3
+2 2
-15 2
-6 3
-42 2

fl=(46)
fn=(142)
27 12
+1 3

fl=(49)
fn=(152)
34 8
-1 8
+1 8
+1 48
+4 1
-4 28

fl=(102) /build/glibc-OTsEL5/glibc-2.27/elf/dl-open.c
fn=(384) _dl_find_dso_for_object
176 5
+4 6
+1 4
+1 12
+1 2
-2 6
+5 2
+4 7

fl=(47)
fn=(144)
27 7
+4 1

fl=(29)
fn=(84)
24 6
+1 6
+1 6
+1 6
+1 6
+1 6
+1 6
+1 6
+1 6
+1 6
+1 6
+1 6
+1 6
+1 6
+1 6
+1 6
+1 6
+1 4
+4 4
+1 4
+1 4
+1 4
+2 4
+4 2
+1 2
+1 2
+1 2
+1 2
+1 2
+1 2
+1 2
+1 2
+1 2
+1 2
+1 2
+1 2
+1 2
+1 2
+1 2
+1 2
+1 2
+1 2
+1 2
+1 2
+1 2
+1 2
+1 2
+52 2
+4 2
+1 2
+1 2
+1 2
+2 2

fl=(137)
fn=(616)
30 8
+20 3
-3 6
+3 4
+3 2
cfi=(2)
cfn=(52)
calls=1 784 
* 2
+2 1
+3 2
+2 8
+8 1
-3 1
+8 1
-5 6
+7 8
+2 8
+2 8
+1 4
+1 4
+4 4
-12 12
+14 6
+1 4
+6 3
cfi=(52)
cfn=(164)
calls=1 -66 
* 253
+10 2
cfi=(2)
cfn=(54)
calls=1 790 
* 2
+5 6
+2 1
+2 3
-2 3
+2 9
+3 8
+3 12
+4 4
+11 2
+1 2
-1 2
+2 2
-2 2
+2 2
+1 14
+1 2
cob=(4)
cfi=(79)
cfn=(630)
calls=1 0 
* 95
cob=(5)
cfi=(88)
cfn=(618)
calls=1 0 
* 15
* 2
-1 6
+5 4
+1 6
cob=(2)
cfi=(18)
cfn=(650) 0x0000000004a2a7a8
calls=1 0 
* 3
cob=(2)
cfi=(18)
cfn=(628) 0x0000000000402ae0
calls=1 0 
* 3
+6 24
+16 8
-56 10
+62 6
+6 2
+7 8
-90 7
+26 6

fl=(13)
fn=(28)
79 14
+1 14
+1 14
+1 14
+1 14
+1 14
+1 14
+2 14
+2 14
+31 13
+1 13
+1 13
+1 13
+1 13
+1 8
+2 8
+4 5
+1 5
+1 5
+1 5
+1 5
+1 5
+1 5
+1 5
+1 5
+1 5
+1 5
+1 5
+5 40
+4 1
+1 14
+1 8

fl=(36)
fn=(156)
44 2
+3 1
-3 3
+3 1
-3 3
+3 1
cfi=(37)
cfn=(120)
calls=1 -8 
* 16
+1 2
+2 5
cfi=(41)
cfn=(130)
calls=1 -16 
* 10
* 2
+2 1
+3 1
-3 1
+3 1
+13 2
cfi=(46)
cfn=(142)
calls=1 -41 
* 5
+3 7
-14 6
cfi=(42)
cfn=(132)
calls=1 -13 
* 35
* 2

fn=(116)
282 275
+1 110
cfi=(21)
cfn=(56)
calls=55 144 
* 2132
* 55
+1 55
-1 55
+3 55
+2 110
+6 52
+1 260
-3 56
-4 112
+1 177
cfi=(21)
cfn=(56)
calls=59 144 
* 2317
* 118
+6 3
-11 3
+11 12

fl=(14) /build/glibc-OTsEL5/glibc-2.27/elf/../misc/sbrk.c
fn=(30) sbrk
32 4
+8 6
+4 2
+16 5

fl=(96) /build/glibc-OTsEL5/glibc-2.27/elf/../elf/dl-runtime.c
fn=(362) _dl_fixup
66 22
+6 22
-6 11
+3 22
+3 33
-4 11
+5 11
+2 11
-2 55
+2 11
-2 11
+2 11
+5 22
+4 22
+4 11
+7 11
-7 22
+4 22
+1 44
+2 44
+7 22
-1 11
+1 11
+10 99
cfi=(6)
cfn=(188)
calls=11 790 
* 9156
* 11
+4 55
+10 77
+16 11
-8 11
+8 33
+4 33
fi=(5)
+96 11
fe=(96)
-92 33
fi=(123) /build/glibc-OTsEL5/glibc-2.27/elf/../sysdeps/x86_64/dl-irel.h
32 1
cob=(3)
cfi=(56)
cfn=(240)
calls=1 +12 
* 16
* 1
fe=(96)

fl=(33)
fn=(100)
30 1
+7 1
+1 1
+2 1
+1 1
+1 1
+1 1
+1 33
+3 2
+7 1
+1 1
+1 1
+1 1
+2 1
+1 1
+1 1
+1 1
+2 1
+1 1
+1 1
+9 3
+12 1
+2 1
+1 1
+1 1
-4 11
+2 11
+1 11
+1 11
+2 12
+1 12
+1 12
+2 12
+1 12
+1 12
+2 12
+1 12
+1 12
+2 1
+1 1
+1 1
+2 1
+7 1
+4 1

fl=(44)
fn=(286)
78 4
+1 1

fn=(136)
78 24
+1 6

fl=(7)
fn=(282)
260 1

fn=(12)
88 8
+25 1
-1 1
+1 88
+6 1
-3 1
+1 1
-4 1
+3 1
+3 4
+1 2
-1 12
-29 1
-1 10
+30 2
+1 108
+3 1
-4 74
+62 1
-62 1
+63 1
-1 1
-62 3
+34 1
-34 2
+35 1
-35 2
+46 1
-46 1
+47 1
-1 1
-46 3
+40 1
-40 1
+41 1
-1 1
-40 3
+37 1
-37 2
+38 1
-38 3
+13 1
-13 2
+14 1
-14 2
+10 1
-10 2
+11 1
-11 2
+7 1
-7 4
224 1
cfi=(9)
cfn=(16)
calls=1 +65 
* 9738
fi=(11)
35 2
cfi=(12)
cfn=(22)
calls=1 -4 
* 11
fi=(8)
196 1
-12 1
+1 1
+11 1
+3 1
-3 1
+3 5
366 3
+1 1
+3 2
+1 1
+6 1
+5 2
-3 1
+3 1
-4 1
+4 1
cfi=(9)
cfn=(26)
calls=1 -9 
* 16
+2 4
cfi=(9)
cfn=(26)
calls=1 -11 
* 18
* 1
+2 3
-2 1
+2 1
cfi=(9)
cfn=(26)
calls=1 -13 
* 18
* 1
+2 3
-2 1
+2 1
cfi=(9)
cfn=(26)
calls=1 -15 
* 18
+12 1
-12 1
+11 1
-11 1
+12 1
fe=(7)
236 1
cfi=(13)
cfn=(28)
calls=1 79 
* 16
* 1
+2 2
cfi=(14)
cfn=(30)
calls=1 32 
* 17
* 3
+12 3
+3 5
cfi=(2)
cfn=(32)
calls=1 870 
* 94042
+1 1
+1 8
fi=(8)
404 3
+28 2
-9 3
+2 4
+3 4
+1 2
205 6
cfn=(24)
calls=1 34 
* 87
+3 3
+97 4
+7 4
203 1
312 4
210 5
+1 7
+85 3
-79 2
fe=(7)

fl=(48)
fn=(148)
60 4
+7 2
-4 6
+1 2
-1 2
+1 2
-1 10
cfi=(24)
cfn=(114)
calls=2 2080 
* 5321
* 2
+5 4

fn=(146)
159 1
-1 1
+1 1
-1 5
+1 1
-1 2
+1 1
-1 2
+1 1
-1 1
+1 1
-8 1
+8 2
-8 1
-6 1
+14 1
-8 1
+24 1
-32 1
+1 1
+1 1
+6 1
+24 2
-28 2
-2 1
+31 1
-33 3
+2 2
-1 1
+1 2
+6 3
+24 1
-24 1
+24 7
+4 1
+19 1
+2 2
-14 1
-1 1
+13 5
+11 1
+4 4
-4 3
+4 12
+12 12
+2 2
+8 2
-8 2
+6 2
-6 2
+6 2
+1 2
+4 2
-3 2
-3 2
+2 2
+4 8
+66 2
-98 2
+98 2
-66 4
+7 10
cfi=(29)
cfn=(84)
calls=2 24 
* 70
* 4
+4 6
-2 2
+2 2
cfi=(34)
cfn=(108)
calls=2 -74 
* 5457
* 2
+1 4
+9 2
+2 4
+5 2
+6 2
+2 2
-8 4
+3 2
+1 2
+1 2
+1 2
+4 10
+4 4
+1 3
-43 192
+1 96
+44 138
434 4
+2 6
+3 4
-1 2
cfi=(19)
cfn=(46)
calls=2 50 
* 36
* 2
+2 2
-2 2
+2 2
+3 2
+1 8
-1 2
+1 2
cfi=(20)
cfn=(48)
calls=2 129 
* 20
+1 10
cfi=(20)
cfn=(48)
calls=2 129 
* 20
+4 2
-1 2
+5 28
+7 6
+4 4
+11 3
-1 1
cfi=(19)
cfn=(46)
calls=1 50 
* 18
* 1
+3 1
-3 1
+3 4
+5 1
+1 1
-1 1
+3 2
-3 4
+9 2
+4 3
-10 3
-3 3
+9 6
+4 9
-10 9
+13 2
+51 2
+2 1
-1 1
+1 2
+35 7
cfi=(20)
cfn=(48)
calls=1 129 
* 10
+4 5
cfi=(52)
cfn=(164)
calls=1 28 
* 232
+3 1
+3 1
-1 1
+2 4
+7 3
+3 2
+3 8
225 8
-19 2
434 5
+27 2
214 25
+2 2
+2 8
+2 26
456 9
-1 4
+1 10
199 3
573 6

fl=(53)
fn=(172) _dl_check_map_versions
156 28
+15 12
+2 20
+2 4
+1 4
+2 4
-3 4
+1 4
+2 4
+3 6
-16 2
-8 4
+28 2
-4 2
+4 4
+16 2
37 4
201 2
37 10
+1 5
-1 10
+2 21
cfi=(36)
cfn=(116)
calls=7 282 
* 794
* 14
209 6
+5 2
-71 6
+71 4
-71 6
+79 2
-2 2
-2 4
+4 2
-4 14
+4 4
-2 4
-2 8
+4 4
-4 48
57 12
+8 12
-8 6
+8 6
+6 18
+16 6
+1 12
+2 6
+5 36
+14 86
+12 111
+4 37
-30 74
225 24
+3 18
+5 4
-11 4
111 6
+3 24
cfi=(21)
cfn=(56)
calls=6 +30 
* 334
* 28
237 8
+14 6
+3 8
+3 12
+3 8
+4 2
-7 8
+3 6
+4 30
-7 120
+3 92
+8 9
+89 36
-83 12
cfi=(19)
cfn=(42)
calls=3 92 
* 81
* 3
+1 3
-2 3
+2 3
+13 3
+2 3
-5 3
+3 3
+2 3
-2 3
+2 3
+3 8
+4 6
+18 4
-15 12
+2 12
-2 6
+2 6
+2 6
+1 6
-1 12
+1 6
-1 6
+1 6
+1 6
-2 6
+2 12
+1 18
+3 18
+8 6
+10 9
+3 8
+4 32
+6 32
+1 32
+1 32
-1 96
+1 32
-1 32
+1 32
+1 32
+3 96
+4 32
-14 68
+10 6
-96 2
-86 2
-8 2
+94 3

fn=(170)
362 5
+2 1
-2 3
+4 3
+2 24
cfn=(172)
calls=4 156 
* 3159
-2 4
+2 16
-2 8
+5 7

fl=(28)
fn=(76)
109 65
+2 13
+1 13
+1 6
+1 6
+2 4
+1 4
+2 4
+55 2
+1 2
+10 2
+1 2
+1 2
+1 2
+1 2
+1 2
+1 2
+1 2
+1 2
+1 2
+1 2
+1 2
+1 2
+1 2
+2 31
+1 31
+1 31
+1 31
+1 31
+1 31
+1 31
+1 2
+15 7
+1 7
+1 7
+1 6
+1 6
+1 2
+1 2
+24 1
+1 1
+2 1
+3 4
+1 4
+2 4
+3 2
+1 2
+2 2

fl=(42)
fn=(132)
44 14
+3 7
-6 84
+6 7
+5 70
+2 49
-7 12

fl=(35)
fn=(110)
26 3
+9 3
+1 6
+1 3
+4 3
+1 3
+1 3
+1 3
+1 3
+2 6
+2 3
+1 3
+1 3
+2 6
+2 3
+4 3
+1 3

fl=(21)
fn=(56)
144 247
+1 247
+2 247
+1 247
+21 247
+1 247
+1 165
+1 165
+1 80
+1 80
+1 80
+1 80
+21 80
+1 80
+1 80
+1 80
+1 80
+1 80
+1 80
+5 5
+1 5
+9 5
+1 5
+1 5
+1 5
+1 5
+1 5
+1 5
+1 5
-7 167
+1 167
+1 167
+1 167
+1 167
+1 167
+1 167
+1 167
+1 107
+1 86
+1 86
+1 86
+2 86
+1 86
+1 86
+1 86
+1 86
+1 86
-5 21
+1 21
+1 21
+1 21
+1 21
+1 21
+10 65
+1 65
+1 65
+2 65
+6 65
+1 65
+1 65
+1 65
+1 65
+5 65
+2 61
+1 61
+1 122
+8 61
+1 61
+3 61
+1 61
+1 61
+1 61
+1 61
+1 61
946 3
+1 3
+1 3
+1 3
+1 3
+2 3
+1 3
+1 3
+1 3
+1 3
+1 3
+1 3
+1 2
+4 2
+1 2
+1 2
+6 2
+1 2
+1 4
+4 2
+1 2
+3 2
+1 2
+1 2
+3 2
+1 2
+1 2
+6 2
+1 2
+1 2
+1 2
+1 2
+1 2
+7 1
+1 1
+2 1
+1 1
+2 1
+1 1
+1 1
+3 1
+1 1
+1 1
+6 1
+1 1
+1 1
+1 1
+1 1
+1 1
+41 7
+1 7
+1 7
+1 7
+1 7
+2 7
+1 7
+1 7
+1 7
+1 7
+1 7
+1 7
+1 4
+4 4
+1 4
+1 4
+6 4
+1 4
+1 8
+4 4
+1 4
+3 4
+1 4
+1 4
+3 4
+1 4
+1 4
+6 4
+1 4
+1 4
+1 4
+1 4
+1 4
+72 3
+1 3
+1 3
+1 3
+1 3
+2 3
+1 3
+1 3
+1 3
+1 3
+1 3
+1 3
+1 1
+4 1
+1 1
+1 1
+6 1
+1 1
+1 2
+4 1
+1 1
+3 1
+1 1
+1 1
+3 1
+1 1
+1 1
+6 1
+1 1
+1 1
+1 1
+1 1
+1 1
+72 3
+1 3
+1 3
+1 3
+1 3
+2 3
+1 3
+1 3
+1 3
+1 3
+1 3
+1 3
1571 1
+1 1
+1 1
+1 1
+1 1
+2 1
+1 1
+1 1
+1 1
+1 1
+1 1
+1 1
1696 5
+1 5
+1 5
+1 5
+1 5
+2 5
+1 5
+1 5
+1 5
+1 5
+1 5
+1 5
+1 5
+4 5
+1 5
+1 5
+6 5
+1 5
+1 10
+4 5
+1 5
+3 5
+1 5
+1 5
+3 5
+1 5
+1 5
+6 5
+1 5
+1 5
+1 5
+1 5
+1 5
+7 1
+1 1
+2 1
+1 1
+2 1
+1 1
+1 1
+3 1
+1 1
+1 1
+6 1
+1 1
+1 1
+1 1
+1 1
+1 1
+41 5
+1 5
+1 5
+1 5
+1 5
+2 5
+1 5
+1 5
+1 5
+1 5
+1 5
+1 5
+1 5
+4 5
+1 5
+1 5
+6 5
+1 5
+1 10
+4 5
+1 5
+3 5
+1 5
+1 5
+3 5
+1 5
+1 5
+6 5
+1 5
+1 5
+1 5
+1 5
+1 5
+72 6
+1 6
+1 6
+1 6
+1 6
+2 6
+1 6
+1 6
+1 6
+1 6
+1 6
+1 6
+1 1
+4 1
+1 1
+1 1
+6 1
+1 1
+1 2
+4 1
+1 1
+3 1
+1 1
+1 1
+3 1
+1 1
+1 1
+6 1
+1 1
+1 1
+1 1
+1 1
+1 1
+72 74
+1 74
+1 74
+1 74
+1 74
+2 74
+1 74
+1 74
+1 74
+1 74
+1 74
+1 74
+2 16
+4 16
+1 16
+1 16
+6 16
+1 16
+2 32
+4 16
+1 16
+3 16
+1 16
+1 16
+3 16
+1 16
+1 16
+6 16
+1 16
+1 16
+1 16
+1 16
+1 16
+74 95
+2 95
+1 95
+1 95
+1 95
-3 77
+1 77
+1 77
+1 77
+1 258
+5 86
+6 86
+1 86
+8 86
+1 86
-16 161
+6 161
+1 161
+8 161
+1 161

fl=(78)
fn=(290)
79 11
+5 1
-4 1
+1 1
+3 2
+8 2
+25 2
+1 12
+1 12
-89 12
+9 3
-3 6
+3 9
+5 6
+5 2
+9 6
cob=(3)
cfi=(80)
cfn=(302)
calls=1 -6 
* 201
* 1
+4 2
+6 2
+2 2
-2 1
+3 1
-1 1
+1 5
+1 4
cob=(3)
cfi=(86)
cfn=(316)
calls=1 488 
* 1773
* 1
-1 2
+47 3
+7 8
-80 3
-5 3
-10 3
+57 2
-48 1
-3 2
+3 3
+5 3
+5 2
+9 7
cob=(2)
cfi=(18)
cfn=(292) 0x0000000004a2a520
calls=1 -58 
* 6
* 1
+3 1
+1 2
+6 1
+2 2
-2 2
+3 8
+1 4
cob=(4)
cfi=(79)
cfn=(296)
calls=1 -72 
* 17
-1 5

fl=(95)
fn=(360)
71 9
+3 9
+2 9
+10 9
+6 9
+1 9
+1 9
+1 9
+1 9
+1 9
+1 9
+4 9
+1 9
+3 9
+1 9
+2 9
+1 9
+1 9
+1 9
+1 9
+1 9
+2 9
+7 9
+1 9
+1 9
cfi=(96)
cfn=(362)
calls=9 -59 
* 8020
+1 9
+5 9
+1 9
+1 9
+2 9
+1 9
+1 9
+1 9
+1 9
+1 9
+1 9
+2 9
+2 9
+4 9
+3 9

fn=(361)
71 2
+3 2
+2 2
+10 2
+6 2
+1 2
+1 2
+1 2
+1 2
+1 2
+1 2
+4 2
+1 2
+3 2
+1 2
+2 2
+1 2
+1 2
+1 2
+1 2
+1 2
+2 2
+7 2
+1 2
+1 2
cfi=(96)
cfn=(362)
calls=2 -59 
* 2001
+1 2
+5 2
+1 2
+1 2
+2 2
+1 2
+1 2
+1 2
+1 2
+1 2
+1 2
+2 2
+2 2
+4 2
+3 2

fl=(19)
fn=(42)
92 8
+8 8
-1 16
-3 8
+4 16
+3 8
cfn=(46)
calls=8 -53 
* 210
* 8

fn=(46)
50 87
+11 42
+3 21
-3 21
+3 42
-3 2
+3 1
-3 1
+3 86
-15 3
+20 4
+1 2
+2 1
+1 8
cfi=(42)
cfn=(132)
calls=1 -29 
* 35
+2 2
+2 3
+2 1
+3 1
-3 2
+4 1
+2 5
-2 21
-1 21
+3 42
-29 1
-1 1
+1 1
+1 2
-2 2

fn=(80)
265 4
+2 2
+1 4
+4 33
+7 84
-2 56
+13 1
+4 2
-7 14
-15 44

fn=(90) free
111 4

fl=(11)
fn=(62)
45 4
+2 3
+85 5
-45 3
cfi=(23)
cfn=(64)
calls=1 -9 
* 5
* 1
+15 1
-15 1
+20 1
-1 1
+3 12
+4 3
-2 6
+2 10
+2 1
+1 2
-3 4
+7 3
-1 3
+4 3
-2 3
+2 10
+5 2

ob=(2)
fl=(18)
fn=(88)
0 1
cob=(1)
cfi=(19)
cfn=(90)
calls=1 111 
0 4

fn=(650)
0 3

fn=(636)
0 1
cob=(3)
cfi=(138)
cfn=(638)
calls=1 30 
0 74

fn=(336)
0 6

fn=(292)
0 6

fn=(368)
0 3
cob=(3)
cfi=(98)
cfn=(370)
calls=3 3028 
0 63604

fn=(602)
0 2
cob=(3)
cfi=(98)
cfn=(532)
calls=2 3086 
0 2210714

fn=(628)
0 3

totals: 7579139727
